2,3,4,5,4,6,7,8,9,4,10,4,6,11,12,13,14,11,15,4,16,17,18,19,20,21,22,19,23,4,24,25,26,27,28,29
30
31,32,6,21,33,34,35,36,37,3,4,5,38,39,11,40,41,42,43,44,45,46,47,48,49,50,51,52,53,54,35,55,56,57,35,58,37,59
23,21,60,4,32,61,4,62,38,63,25,64,37,65,66,27,67,21,68,38,69,37,70,11,23,14,71,67,35,72,4,73,38,74,37,75,38,76,56,77,11,60,49,4,78,38,79,80,81,37,82,38,83,27
84,38,14,85,86,2,87,4,5,4,6,7,21,88,80,81,37,59
2,6,7,4,89,38,14,90,4,91,47,92,93,21,94,81,37,70,11,95,38,96,80,97,98,42,99,4,100,14,101,102,103,81,37,104,27,105,98,42,106,107,4,108,50,69,37,59
109,4,28,110,35,111,74,37,104,27,105,112,113,28,114,35,115,74,27,86,110,116,117,50,74,27,118,35,119,37,59,120,25,121,11,122,42,123,38,124,50,125,97,126,90,4,127,38,128,80,81,129,42,130,4,131,50,69,37,59,132,25,133
73,132,38,134,135,27,136,19,137,138,139,14,132,54,4,140,141,38,142,143,74,37,70,11,144,4,58,27,48,38,145,146,147,21,148,149,97,150,11,151,4,2,6,7,4,139,152,38,153,154,155,35,156,37,59
157,158,2,9,4,5,4,6,7,35,159,86,160,161,19,162,19,108,4,163,153,164
2,3,4,5,4,6,7,165,4,166,14,11,132,82,4,84,167,4,168,38,169,170
71,171,23,8,172,13,14,11,173,174,175,37,104,27,176,177,178,4,179,180,11,181,182,8,11,183,13,11,6,8,11,183,13,11,184,8,11,183,13,11,185,38,186,4,187,188,150,11,189,190,178,35,191,25,170,192,38,193,27,178
71,194,14,11,195,196,4,197,198,113,199,11,200,201,27,202,203,25,204,27
53,205,23,14,32,49,11,206,207,25,208,27,6,4,62,38,11,209,6,210,211,212,4,32,4,55,67,35,63,25,213,37,65,66,27,178
23,14,185,169,38,153,75,49,4,62,38,63,25,214,35,64,37,65,66,27,215,21,216,217,218,208,27,21,11,6,14,53,171,4,214,35,206,219,11,220,4,62,38,67,35,221,37,222,37,223,224,23,38,225,226
23,14,192,4,227,113,53,228,38,229,11,230,38,202,231,180,50,193,27,232,38,14,67,4,233,35,213,37,65,66,27
71,72,138,132,2,234,4,5,4,6,7,21,235,74,27,4,14,168,4,215,25,208,27,21,11,23,14,236,220,4,237,25,139,42,238,169,239,27,240,25,11,241,168,38,6,38,71,73,35,76,74,27,178
236,242,11,23,14,243,25,244,245,110,19,28,110,4,246,247,25,208,27,248,19,249,50,53,250,38,251,35,252,27
249,253,14,254,25,11,132,35,255,38,82,56,215,35,23,38,256,11,257,253,4,183,4,258,259,21,209,71,73,21,260,261,262,263,264,265,210,50,266,27,215,21,23,35,267,27
268,23,14,82,35,269,74,11,2,234,4,5,4,6,7,113,270,38,271,272,273,274,45,35,275,11,209,276,277,210,42,209,278,27,279,280,210,45,4,281,47,282,35,283,284,37,11,68,4,285,113,286,287,285,4,132,38,239,11,288,153,2,3,4,5,4,6,7,38,289,27
82,290,14,291,38,292,4,293,290,50,294,27
293,290,14,101,11,295,25,296,27,297,4,18,19,298,178,4,28,114,2,299,4,300,49,7,21,78,35,301,37,104,27,62,11,23,4,67,38,302,35,303,27,304,50,305,97
139,14,2,306,7,4,307,17,308,19,309,4,310,311,11,312,4,313,152,136,19,137,38,314,80,81,27
139,38,315,35,316,37,104,27,23,14,137,50,216,217,153,317,35,318,11,319,320,35,321,37,137,35,322,80,66,27,21,11,323,324,4,325,4,326,35,327,328,14,329,25,14,330,37,104,273
2,3,4,5,4,6,7,14,11,331,4,2,299,4,332,7,50,333,334,335,334,4,336,337,38,11,338,339,38,340,35,341,27,238,50,342,11,343,38,261,21,344,81,27
82,14,293,290,226,21,11,139,345,153,346,82,347,14,348,23,349,21,350,37,59,8,101,351,352,4,82,353,14,354,355,27,13
71,62,11,23,14,220,21,356,357,4,73,358,35,56,215,21,359,27,4,25,133
360,11,139,35,361,74,27,137,21,362,363,4,364,38,365,21,133,50,366,254,25,367,37,368,27,62,11,23,14,293,290,50,369,4,240,25,82,4,370,35,371,11,362,363,35,348,372,74,373,374,113,375,376,263,377,121,69,27,178
364,4,378,14,347,35,379,74,37,59,23,380,381,25,208,27,21,11,268,343,38,382,80,81,27,2,3,4,5,4,6,7,14,383,38,384,37,385,11,84,169,38,260,261,11,84,38,14,260,261,11,84,38,14,260,261,38,386,27
23,14,73,35,387,74,27,60,49,8,53,388,38,14,389,42,11,331,4,18,19,390,391,4,392,393,19,390,391,394,21,104,27,13,113,78,35,301,27,297,25,121,11,395,4,396,25,397,153,398,4,399,35,400,27
23,14,101,4,401,38,4,396,35,402,74,37,70,11,53,388,38,14,2,6,7,35,209,403,404,405,406,210,50,407,27,2,408,7,409,35,159,2,410,7,2,411,7,2,412,7,45,21,94,81,37,59
2,413,7,14,11,53,84,4,414,4,415,4,73,4,416,209,417,418,4,133,73,210,38,2,6,7,35,419,226
209,420,421,422,27,214,210,86,423,74,27,2,424,7,14,425,4,426,25,208,27
71,2,3,4,5,4,6,7,4,82,427,11,22,19,23,4,212,14,11,84,4,205,38,428,103,97,224,38,69,27
78,35,400,27,23,14,2,6,7,4,85,35,429,74,159,11,430,431,2,87,4,5,4,6,7,4,432,35,159,27,178
71,85,14,84,4,433,38,82,11,434,4,23,4,435,171,8,436,13,169,4,205,38,260,261,35,437,27
438,4,2,6,7,4,67,14,439,440,215,121,441,35,442,443,11,293,290,14,23,21,444,74,27,84,169,38,11,2,3,4,5,4,6,7,35,260,261,445,11,446,4,85,2,87,4,5,4,6,7,153,260,261,445,35,82,74,37,59
84,11,2,3,4,5,4,6,7,4,447,25,133,2,234,4,5,4,6,7,4,448,73,21,82,80,81,27
23,21,2,6,7,4,246,35,449,37,11,450,21,451,50,69,27,72,73,35,452,453,4,25,14,273,218,50,454,27,304,25,11,23,14,82,455,11,456,457,50,69,37,104,27,6,38,458,35,459,37,460,35,461,27
84,38,14,23,349,4,237,25,462,463,38,464,80,81,27,2,465,4,6,7,21,82,80,81,27
71,132,25,14,257,137,349,21,220,4,466,4,139,38,467,35,468,37,59
133,171,11,6,14,469,4,470,25,471,388,4,472,4,473,25,474,35,475,52,476,37,104,27
477,11,478,38,479,35,480,27,33,34,21,11,324,4,92,35,481,52,482
483,27,6,14,11,33,34,35,36,37,11,34,484,38,485,11,46,47,304,21,486,4,487,38,488,37,133,53,484,35,489,490,35,491,37,492,56
493,27,494,14,11,495,38,69,37,104,27
6,14,11,496,497,4,498,50,499,215,21,359,273,126,4,500,501,35,502
53,473,38,14,3,47,503,21,244,11,185,35,504,226,6,14,505,506,507
508,11,509,14,498,35,510,38,511,37,11,512,121,69,37,513,8,514,515,34,484,38,485,37,13
516,11,6,14,11,3,47,517,35,502
508,11,185,35,518,50,11,509,14,519,21,142,520,422,37,513
6,14,521,37,522,296,11,53,523,4,524,25,525,38,526,21,527
6,14,11,33,34,21,528,37,529,27,530,4,531,25,532,506,507,21,11,533,35,534,66,37,220,4,535,27,526,38,536,537
478,38,538,35,159,86,11,46,47,539,49,21,540,25,541,37,542,8,514,515,524,4,526,13
6,50,539,49,14,11,543,38,544,11,545,35,546,62,38,209,547,210,178,211,11,548,35,58,37,549,550,551,35,552
553,11,6,14,538,38,225,25,11,554,144,21,555,42,277,35,556,4,218,35,557,37,558
71,214,559,11,6,14,11,560,277,4,561,4,562,214,35,563,37,513
564,11,71,277,21,538,153,565,153,518,50,566,27,41,49,14,11,567,568,37,513,8,514,515,547,50,489,569,214,13
570,324,38,69,27,6,4,68,38,33,34,21,571,37,368,37,11,6,35,572,50,573,74,37,220,4,177,38,574,38,575,576
496,11,6,14,11,503,35,577,37,504,25,578,11,71,531,25,532,519,21,142,520,11,579,4,388,38,580,37,513
33,34,14,11,209,581,4,582,210,35,583,37,6,35,584,585,50,56,21,11,586,38,587
588,11,33,34,49,14,11,177,4,589,38,590,35,591,27
71,590,21,545,35,506,80,576,517,38,592,27,62,11,6,14,532,506,69,37,177,113,593,594,224,38,507,8,514,515,33,34,21,595,4,582,35,574,38,596,13
6,14,11,41,49,42,154,597,113,598,37,11,599,38,600,27
496,11,601,4,602,25,154,603,38,604
603,14,11,605,47,606,25,6,38,607,608,27,609,11,601,4,610,35,611,263,142,11,612,613,35,611,263,506,614,50,615,37,616
6,14,11,601,35,617,618,619,620,74,52,451,4,621,80,38,622
516,11,500,177,35,577,11,478,38,623,62,38,506,507,624,4,601,35,625,8,514,515,603,4,626,13
53,177,14,627,457,4,177,25,244,11,177,4,167,25,14,628,50,629,4,630,21,631,27,606,25,632,633,4,634,35,635,37,59
177,4,388,38,14,11,636,35,637,27,638,47,627,457,11,639,50,640,35,641,642,324,11,185,38,276,277,21,104,27
642,324,14,11,642,4,643,38,644,645,646,11,636,38,304,35,647
6,14,11,627,457,113,636,35,648,97,21,11,177,4,649,38,650,50,185,14,651,38,69,37,599,38,567,37,652
6,21,599,35,653,37,652,50,11,654,602,38,276,277,21,655,74,11,6,38,656,34,50,657,658,4,177,231,659,660,35,615,27,326,11,209,661,273,277,210,377,662,209,277,4,273,663,210,35,664,37,665,8,514,515,651,50,640,13
656,34,4,177,4,167,38,666,50,11,478,25,14,656,34,11,657,658,11,667,21,510,35,296,37,11,587,215,4,273,279,280,35,668,37,59
657,658,14,11,669,74,27,6,38,670,4,273,671,178,35,672,645,11,673,113,674,675,35,400,37,676,490,21,677,37,678,27,679,214,35,74,645,56
508,11,6,14,11,680,681,38,682,683,38,684,21,377,685,11,686,35,687
477,11,688,38,689,4,690,27,691,21,692,27
600,37,693,50,11,6,21,694,38,695,27,495,38,650
496,11,6,14,11,601,25,696,35,620,74,11,497,4,498,35,583,37,11,509,697,500,501,35,698,215,21,527,8,514,515,278,27,279,280,13
699,27,700,14,701,702,25,11,478,25,14,703,4,704,27,44,21,705,4,706,35,74,37,59
478,38,707,4,708,50,673,49,21,709,42,710,35,711,37,712
713,714,4,673,14,11,715,49,38,674,675,35,74,27,609,11,6,38,716,717,38,718,56,224,719
508,11,53,716,717,14,11,720,4,721,38,722,11,723,4,721,38,724,11,725,4,721,38,726,27,44,35,583,37,59,727,11,728,38,729,730,38,731
478,38,11,276,277,21,732,38,733,120,296,37,655,74,11,673,49,35,734,56
508,11,673,21,735,4,627,457,35,736,737,38,14,11,276,277,14,532,738,35,739,37,59,8,514,515,673,740,4,716,741,13
695,27,627,457,14,11,554,218,742,25,11,6,21,216,218,35,743,217,38,11,105,35,744,37,745
673,14,11,627,457,35,746,66,11,716,35,747,585,50,56
508,11,718,17,38,748,50,674,675,35,74,37,550,727,11,749,718,17,21,104,121,69,37,513
673,14,11,6,38,750,751,4,214,35,566,37,542,224,38,752,74,11,753,38,754,35,80,576
6,14,11,750,751,4,755,214,86,11,144,21,756,4,751,757,27,737,38,758,37,104,27,759,4,760,761,762,97
763,11,71,760,14,11,23,4,92,93,311,764,47,765,38,69,37,59
766,11,767,25,14,121,768,769,11,770,25,14,121,771,769,45,25,133,8,514,515,750,751,4,214,13
508,11,753,21,772,35,773,226,727,11,509,14,93,4,214,35,56,215,38,507
750,751,50,753,14,11,6,38,209,774,4,775,210,4,776,35,777,74,11,778,35,321,37,779,74,37,780
781,782,4,199,35,783,784,21,785,37,368,27,727,11,753,14,11,786,35,787,37,59,750,751,35,788,37,222,37,11,6,35,782,4,741,231,789,37,790,8,514,515,774,4,775,13
791,4,167,25,792,81,37,59,782,25,14,11,707,4,793,21,673,4,794,35,795,226,796,25,797,80,81,37,70,11,798,799,4,33,34,21,800,799,4,708,49,4,167,25,53,801,35,802
6,14,11,803,804,4,41,49,38,805,37,782,35,806,56
508,11,807,38,220,4,519,21,681,38,142,520,159,37,59,215,35,808
782,25,14,11,809,86,657,658,11,627,457,4,642,324,21,810,81,11,811,37,812,4,809,86,6,4,212,21,813,97,8,514,515,814,21,794,35,795,226,815,13
6,14,11,216,153,103,273,50,816,56
508,11,708,49,14,281,47,817,86,818,80,81,27,98,35,819,74,37,11,185,35,793,4,820,4,817,86,821
6,14,11,782,4,822,27,776,35,823,74,159,11,749,209,824,49,825,11,826,4,44,4,827,38,828,210,50,829
477,11,44,49,14,830,831,37,6,38,832
6,21,483,37,833,35,834,50,11,835,4,836,11,6,14,11,220,21,472,4,837,35,838,38,74,37,470,4,602,38,839,37,59,215,38,840
220,21,841,35,452,37,104,27,215,38,842,27,6,14,11,472,38,220,4,55,35,213,37,65,66,27,609,25,11,843,37,790
570,324,330,27,472,14,11,6,4,844,38,845,35,846
95,38,847,56,848,47,48,4,849,218,14,11,73,850,35,851,92,93,311,852,80,81,27,304,25,133
6,38,660,35,615,27,609,38,209,277,4,273,663,210,50,69,37,665,276,277,14,11,209,276,277,853,38,854,855,210,211,11,101,14,102,103,81,37,104,27,856,4,857,858,21,68,38,69,37,59
514,515,25,209,278,27,279,280,210,35,668,37,59,657,658,11,656,34,14,11,859,209,657,658,4,224,38,860,21,278,37,59,210,861,862,209,656,4,863,4,224,38,860,21,278,37,59,210,211,11,864,101,14,865,405,25,208,27,856,4,857,858,35,68,38,23,21,852,74,27,48,25,133
514,515,11,514,515,38,847,56,750,751,14,11,209,750,751,866,210,861,862,211,92,113,149,81,37,59
867,14,751,4,721,38,332,868,4,869,35,583,27,866,25,11,870,209,751,866,38,871,27,866,210,4,215,226,21,11,867,35,209,750,751,210,4,209,866,210,50,872,27,92,93,38,69,37,59
873,14,874,463,4,67,25,208,27,73,850,38,14,11,53,875,86,23,50,6,19,176,4,876,4,877,35,878,56,48,42,130,21,133
514,515,25,792,97,547,14,11,71,132,879,21,149,81,27,23,49,4,192,25,4,880,35,881,37,70,11,478,38,847,56,41,4,882,565,14,23,8,172,13,11,883,8,14,884,11,885,14,886,11,332,887,14,888,35,889,878,74,37,59
176,179,180,14,257,11,667,4,67,4,388,4,324,4,500,180,86,153,890,81,37,59
891,38,153,11,33,34,14,176,177,4,892,4,893,25,208,27,393,19,894,895,11,209,569,214,210,35,896,56,538,14,176,177,4,897,898,899,11,750,751,4,755,214,38,130,80,97,898,4,900,14,11,176,177,4,901,897,898,25,208,27,136,19,902,903,35,889,904,38,74,37,59,45,11,847,905,906,38,907,47,908,21,909,81,37,59
73,132,38,96,80,81,37,59,98,42,99,4,100,14,11,101,102,103,81,37,104,27,105,98,42,106,107,4,108,38,69,37,70,11,451,38,69,37,59,132,14,910,4,426,35,911,37,329,25,14,912,81,37,59
913,206,288,4,273,304,14,914,35,327
136,19,137,21,139,35,134,27,2,3,4,5,4,6,7,50,85,2,87,4,5,4,6,7,14,11,67,50,53,139,21,915,38,102,916,27,163,86,103,81,37,70,11,28,114,917,139,4,918,919,35,303,27,304,86,920,80,81,37,59
67,4,921,25,922,6,21,209,139,153,923,153,273,73,924,11,925,21,926,927,928,585,210,50,929,224,38,11,930,4,23,14,139,35,918,931,74,37,70,11,72,73,2,234,4,5,4,6,7,35,2,3,4,5,4,6,7,86,382,56,232,11,220,4,932,4,933,38,934,35,475,37,935,4,936,25,133,137,38,314,74,27
417,937,25,14,11,72,73,38,134,135,27,23,138,139,559,153,11,91,47,67,559,53,938,47,932,21,939,531,35,940,37,59,211,920,153,133
2,6,7,4,139,14,11,101,15,4,82,941,942,865,405,25,208,27,943,944,8,945,946,153,947,948,11,949,35,950,951,559,952,38,953,38,74,27,304,35,954,944,955,13,25,344,81,37,70,11,71,956,25,417,957,35,301,37,104,27,958,959,8,856,441,13,21,960,441,35,361,74,27
23,14,137,4,139,559,961,47,962,35,963,144,35,964,80,66,27,21,11,508,2,6,7,4,441,337,21,965,25,966,38,69,27,232,38,137,38,967,35,968,645,11,331,4,224,38,362,363,4,364,969,970,137,4,971,35,972,37,372,56,45,11,137,4,228,973,974,35,316,37,975,37,104,27,215,153,976
922,6,4,977,761,153,11,23,50,137,4,205,25,216,217,153,978,35,442,11,979,86,980,4,981,982,733,25,208,27,6,19,176,38,14,871,983,11,984,35,296,27,985,4,738,38,56,215,38,986,135,27,987
71,985,4,6,761,14,11,23,4,988,25,989,211,32,4,990,21,904,38,991,81,27,50,992,993,81,37,368,27,21,11,23,21,71,990,35,994,74,27,995,25,996,137,21,997,4,139,35,239,37,59,215,45,113,74,37,11,998,999,919,4,133,1000,25,14,273,50,454,594
23,21,961,47,962,35,1001,37,59,137,4,139,14,67,50,1002,47,304,50,454,135,37,59,21,11,84,38,15,25,132,4,1003,1004,21,1005,37,1006,11,1007,19,1008,11,18,19,1009,11,1010,11,1011,11,1012,11,1013,11,1014,11,1015,1016,1017,11,1018,1019,45,11,1020,4,907,47,139,152,21,6,4,67,4,281,47,139,35,321,11,1021,4,1022,25,137,4,140,35,1023,74,443,37,59
2,3,4,5,4,6,7,50,53,85,2,87,4,5,4,6,7,14,11,185,169,4,1024,47,105,67,113,1025,11,28,110,4,1026,1027,35,1028,27,132,86,920,80,81,37,59
1029,405,47,1030,4,1031,15,25,14,11,415,4,62,4,73,14,208,37,153,185,14,415,38,1032,35,301,1033,62,11,1034,1035,42,1036,35,1037,1038,62,4,304,25,244,11,101,11,1039,415,970,209,105,210,35,1040,38,94,273,73,14,1041,25,208,27
28,247,4,1042,153,1043,38,1044,27,304,21,100,11,992,1045,1046,38,1047,135,11,257,1048,778,4,285,35,1049,56,215,311,1050,38,520,1051,38,69,27
683,380,415,14,1052,1053,4,131,25,244,11,1054,47,11,1055,153,1056,153,273,1057,50,1058,81,11,67,4,388,25,14,415,14,992,1059,42,1060,11,1061,50,1062,38,74,37,1063,81,37,104,27
1039,388,38,208,37,11,105,35,1064,94,983,11,1065,38,415,35,1066,1067,62,38,1068,81,27,2,6,7,4,847,14,1069,47,304,25,208,27
23,14,1070,25,133,415,35,1052,220,50,1071,47,1057,86,1072,11,53,1042,153,185,169,4,28,114,4,1073,113,1074,11,489,1075,1076,4,1077,42,415,38,14,1078,1079,35,11,1080,1081,55,67,4,1082,38,1083,215,311,1084,121,1085,74,27
95,25,1049,80,97,92,93,11,108,11,91,4,1086,153,257,11,1087,4,28,110,4,1030,35,1088,4,38,154,1089,35,1090,37,59
351,92,93,14,1065,38,92,311,415,35,1066,1067,610,25,11,101,102,103,81,37,104,27,105,98,21,1091,42,1092,4,1093,311,1094,98,38,1095,135,11,28,1096,38,1097,105,112,14,1098,215,559,153,105,35,744,37,780,627,457,4,847,311,1099,81,11,1100,1096,4,1101,112,14,750,751,4,1102,759,4,1103,311,1104,80,97
351,1086,14,257,11,23,349,21,415,1105,38,400,27,1106,4,1107,25,153,133,21,11,23,4,91,14,1104,4,1108,35,1109,37,11,1110,38,1111,1057,4,1112,1113,38,169,1114
438,4,6,4,67,14,28,110,4,1082,35,1102,602,25,1115,215,4,359,273,1116,86,117,50,74,27,1117,35,1118,37,70,11,28,110,132,86,14,1119,38,1120,35,452,273,126,1075,1121,4,1122,1123,4,131,50,80,81,37,368,27
132,4,1105,1124,150,930,4,1125,1126,21,1127,38,1128,135,37,132,50,1129,135,11,23,120,25,121,6,19,176,4,1130,153,1068,81,37,59
351,1131,405,19,1130,405,1022,4,610,25,11,6,4,67,14,1132,38,1133,1134,4,1135,1136,4,131,38,153,80,81,27
351,1022,942,14,11,992,67,21,1137,1138,1139,4,919,1140,38,1141,80,81,27,930,4,1142,1143,4,1107,50,1058,81,11,1144,1145,4,1136,25,14,11,6,21,485,37,652,489,484,42,1146,11,478,25,502,498,50,501,11,478,38,1147,37,59,1148,14,397,153,1149,4,519,42,479,4,1150,25,244,11,1151,1152,1153,14,1154,1155,4,1150,50,1058,81,27
1156,53,489,484,21,1157,25,133,50,1158,263,11,524,4,526,14,1159,35,1160,11,564,142,69,37,1161,4,224,38,579,38,1162,594,6,14,209,435,4,1163,210,4,1164,35,1165,37,59,4,1166,1167,273
508,351,1136,14,11,132,4,1135,405,47,1124,4,570,1168,35,327,215,14,133,1169,11,1170,1171,132,4,1172,38,1173,1174,304,25,14,273,74,11,257,1170,132,4,1175,405,47,1176,38,1177,1178,25,153,273
2,6,7,4,178,17,1179,14,11,6,4,67,14,8,209,1180,1181,47,1182,67,50,1183,38,210,13,1098,1150,405,1022,4,1184,38,1185,1186,38,1187,215,21,527,86,11,351,1188,405,19,1150,405,47,1022,35,349,4,178,113,1189,74,37,59
132,4,1190,311,11,2,3,4,5,4,6,7,50,85,2,87,4,5,4,6,7,14,88,101,113,1191,100,4,1192,850,35,1193,215,38,69,27
1144,1194,388,4,304,25,14,11,248,19,249,2,981,1195,1196,7,8,84,13,11,1197,2,1198,1199,7,8,84,13,11,1200,2,1201,1202,7,8,84,13,11,248,19,1203,19,1204,2,1205,4,5,4,1206,7,8,84,13,11,1207,19,1208,2,1209,35,1210,7,8,84,13,45,4,1211,21,133
23,21,1028,27,71,1082,14,1194,38,600,37,1006,153,1212,81,11,1213,19,1214,2,1215,4,1216,7,8,84,13,11,1012,2,1217,1218,38,69,27,1219,113,4,254,7,8,84,13,11,1220,19,1221,2,1222,4,55,7,8,84,13,11,1223,2,1224,169,1225,263,279,4,490,7,8,84,13,11,1226,2,1227,4,5,4,6,7,8,84,13,45,11,1228,38,1229,169,2,6,7,38,1230,80,81,27,91,19,1231,21,992,149,81,37,59
2,7,8,84,13,4,1232,1233,38,1234,263,11,2,6,7,4,1211,42,1235,14,84,113,84,4,205,120,25,996,688,38,1236,25,59,211
53,155,14,28,110,19,1231,4,956,38,1237,983,11,1238,25,14,1239,209,1240,1241,4,279,280,4,55,210,42,1242,19,1208,2,3,47,5,4,1243,7,45,4,2,6,7,35,1244,50,74,27,29,21,1068,81,8,1245,4,1246,247,38,14,1247,1248,1249,211,11,2,3,4,5,4,6,7,38,1250,56,1251,35,1252,905,153,59,178,13,11,257,4,956,25,153,1253,2,1254,32,6,7,42,1255,2,7,45,25,2,6,7,4,132,54,21,129,80,81,37,59,891,11,1256,959,4,158,2,1257,7,1258,25,153,2,6,7,231,4,1259,47,130,21,133
1260,1261,4,1255,42,1262,11,1263,1264,169,11,2,6,7,4,54,42,48,35,1244,38,1265,27,132,14,164,8,1266,132,153,1267,13
2,6,7,38,1268,47,155,35,400,27,1194,4,247,4,570,324,38,1269,21,59
1270,14,23,50,1183,38,127,1271,35,1272,74,27,247,25,244,1273,285,4,1274,25,208,27,21,11,144,21,2,6,7,35,1275,226,1276,14,1277,11,1278,4,29,2,1279,7,38,1280,37,104,27,84,38,69,37,1281,50,1282,1275,226,211
508,71,84,1006,11,2,6,7,1283,22,19,23,113,301,27,1284,35,1285,388,4,2,1279,7,38,1286,25,70,11,979,95,38,14,1287,405,47,130,35,1288,2,6,7,11,23,970,1289,42,129,21,992,792,81,37,59
1144,913,4,224,47,1042,14,11,1290,35,931,1291,17,38,1292,27,1142,47,1289,25,133,150,11,333,209,1293,210,35,1294,27,1295,35,404,231,50,1296,80,576,404,177,86,4,1297,113,4,11,23,231,4,1298,4,1299,1300,1022,56,215,21,527
8,3,4,5,14,1301,38,1302,81,37,678,27,1303
1304,81,11,1304,81,11,75,14,87,35,1305,37,678,27,828,1306,1307,1308,176,11,1295,4,1309,1310,14,1311,4,304
13,8,1312,1313,1314,13,1315,95,25,127,1271,35,954,215,35,1316,226,1317,14,2,6,7,4,1318,17,25,244,11,1319,1320,1321,38,1322,285,231,4,128,35,1323,209,1324,4,1314,210,35,1325,74,37,59
1326,1149,1327,17,35,1328,27,1329,4,1330,850,2,1331,7,38,14,1332,21,1333,153,129,80,97,610,25,23,4,212,14,1064,1334,81,37,104,273,21,11,1335,38,1234,263,209,216,218,1336,1337,21,244,210,95,25,23,4,32,35,1338,50,74,27,990,1339,45,38,1340,1341,215,21,359,355,27,211
1329,38,14,2,87,4,5,4,6,7,50,1315,1342,35,1343,38,74,27,29,2,1344,7,11,2,3,4,5,4,6,7,50,1315,44,35,1343,38,74,27,29,2,390,11,1345,11,793,7,153,244,11,1329,4,2,1346,231,4,1347,7,4,1348,14,2,3,4,5,4,6,7,4,185,50,1349,74,37,59,50,153,992,993,81,37,59
1194,388,11,209,6,210,14,1350,4,1351,4,1352,38,153,69,27
1353,19,1354,1355,4,2,1350,50,14,216,218,7,8,84,13,38,14,1350,4,1135,405,1356,86,23,4,212,21,940,135,37,70,11,1354,1355,14,84,38,14,2,1357,1358,1359,7,38,2,3,4,5,4,6,7,4,514,515,35,1360,74,37,59
1361,153,84,1362,11,1363,4,256,1364,2,87,4,5,4,6,7,514,515,4,128,35,1323,37,59
84,38,14,1365,21,23,4,1366,98,2,1367,1368,7,4,1369,441,38,139,35,1038,610,25,11,1370,14,1371,4,1372,4,1373,2,1374,135,1375,1376,7,4,1377,86,2,3,4,5,4,6,7,35,1378,11,84,38,14,1379,21,11,84,38,14,1380,21,1381,25,2,3,4,5,4,6,7,4,139,35,1382,74,37,59
1383,4,956,25,14,1384,21,2,6,7,35,1343,50,74,27,1385,35,849,218,535,37,59,891,11,1386,19,1387,1388,4,1330,1389,4,1390,209,1391,210,45,1392,1383,942,153,2,6,7,14,992,130,80,97,8,1383,35,1267,13
95,4,98,42,99,38,1389,35,1038,1323,153,1393,792,81,37,70,11,1394,14,6,35,162,74,27,1395,11,1396,11,1397,45,25,153,1085,80,81,37,59
71,891,137,4,139,35,68,38,74,27,6,19,1398,45,21,937,153,90,1399,80,81,37,70,11,195,4,6,1400,35,159,86,1401,38,6,19,1398,4,1402,1403,21,133
2,6,7,4,54,50,53,48,49,14,257,11,1331,1404,942,1405,66,273,1244,38,153,69,37,59
2,3,4,5,4,6,7,4,694,4,1406,285,1314,14,343,11,1407,113,84,609,38,382,80,81,27,1408,285,1314,25,11,211,1409,138,304,25,133
1410,343,38,14,1411,4,1314,138,1369,441,21,382,80,81,37,59
397,153,82,14,292,4,293,290,226,21,11,364,1412,14,1408,11,1413,25,889,792,81,27
71,1414,441,50,1369,4,82,38,14,23,349,21,1415,37,70,11,73,4,1416,113,1417,1418,11,1419,1420,42,1421,169,319,1422,35,293,290,38,1423,37,59
128,4,382,879,21,1424,23,4,1425,138,304,25,11,23,14,1407,4,382,113,84,609,4,343,38,14,1408,285,1283,1369,25,82,56,454,35,637,27,21,11,95,38,1426,56,856,4,1427,42,1428,38,1429,74,27,92,93,19,108,45,4,62,38,11,1430,14,209,128,1431,210,226,50,1432,74,37,104,27
508,23,4,1430,4,1432,38,1433,983,11,2,6,7,14,1369,38,811,37,1434,285,11,1435,285,11,1436,285,11,1437,285,11,1322,285,38,366,128,80,81,1438,388,38,1439,37,529,27
22,19,23,1440,4,18,19,1441,21,1442,27,84,4,1443,38,1234,263,11,2,3,4,5,4,6,7,50,85,2,87,4,5,4,6,7,21,128,80,81,27,127,4,1191,14,11,1444,38,1445,81,19,53,127,138,82,1446,21,133,304,38,1447,1158,263,11,1113,1314,42,1448,82,4,304,11,1449,42,1450,545,138,304,45,153,1451,263,38,1283,11,570,324,4,247,4,128,86,14,1452,25,133
1245,25,4,2,3,4,5,4,6,7,4,362,1314,14,11,1453,1454,8,1455,1456,13,1314,4,2,6,67,7,25,11,84,8,1457,84,13,113,434,1458,2,32,4,1459,7,1460,38,1461,80,81,27,304,25,133
1462,84,8,1457,84,13,38,1463,1464,1314,138,2,87,4,5,4,6,7,4,128,8,162,19,108,38,1465,13,21,209,87,54,210,86,2,1466,54,7,38,1461,80,81,37,70,11,1467,37,59,1468,25,14,85,4,1314,4,624,21,1469,27,215,38,507
2,6,67,7,14,1470,4,1471,25,11,694,4,1470,21,2,3,4,5,4,6,7,4,1472,47,1314,11,1006,14,1454,4,852,38,69,37,59
439,1473,37,907,47,1409,21,1474,6,67,4,1314,35,1475,37,59,21,11,1145,4,128,14,1476,4,1477,42,92,93,4,1478,431,153,11,1479,4,1480,80,35,1245,4,415,38,916,27,337,38,74,37,1481,215,38,1482,21,1483,81,11,870,889,4,1409,311,992,852,38,1465,162,21,792,81,27
922,4,1484,153,209,1485,8,1486,13,1487,210,8,1463,1464,1314,11,1457,84,13,209,1327,1487,210,8,1488,1489,1490,1314,2,1327,1487,4,1491,7,11,1457,84,13,209,1492,1493,210,8,1494,1495,1314,2,415,4,841,7,11,1457,84,13,209,1496,1487,210,8,1497,1498,1314,209,87,1016,1499,210,11,1500,84,13,209,1501,1487,210,8,1502,1503,1314,209,1504,4,54,210,11,1500,84,13,45,4,224,38,1245,1505,4,1484,38,1506,135,37,59,304,21,1507
84,8,1500,84,13,38,14,11,1508,1509,21,2,3,4,1016,514,1377,6,4,841,11,514,323,261,87,4,1510,7,86,11,2,87,4,5,4,6,7,50,1511,27,1512,405,47,1314,35,82,74,37,59
84,8,1513,84,13,230,38,14,1514,1515,50,1516,1517,4,1518,1314,138,2,3,4,5,4,6,7,4,1314,2,6,67,7,21,382,80,81,37,59
867,14,1514,4,444,4,84,38,593,37,70,11,1410,343,38,1519,74,27,1514,4,326,35,1520,25,1516,21,235,80,66,37,82,74,27,304,25,133
288,38,2,3,4,5,4,6,7,21,1521,1522,135,27,4,14,11,1453,84,8,1513,84,13,38,2,1100,1523,54,1524,1525,7,4,1526,86,1334,81,27,1527,1528,1529,1530,138,1531,4,1532,17,463,4,114,25,244,11,1533,86,14,84,8,1513,84,13,38,497,4,1534,290,113,382,80,81,27,1535,1536,1314,4,304,21,362,50,305,97
439,1537,2,3,4,5,4,7,50,2,3,47,5,4,7,21,1538,74,27,326,2,3,4,5,4,6,7,21,1539,56,224,38,69,27
1540,609,153,1541,1542,11,1543,1544,11,1545,1546,11,1547,1548,11,1549,1550,11,1551,1552,11,1553,1554,11,1555,1556,11,1557,1558,1559,891,100,4,905,21,128,35,1475,37,59
1474,6,67,4,1560,1314,14,331,4,224,47,162,38,1465,304,42,1561,45,153,1288,37,11,84,995,25,1562,1563,21,1057,74,37,70,11,937,153,1409,50,936,50,35,907,38,1564,27,90,4,2,6,7,21,1565,38,1566,25,59
236,1567,602,38,153,1568,128,177,138,100,4,1314,42,11,53,1442,21,1057,56
23,14,2,3,4,5,4,6,7,35,1569,132,38,74,453,211,845,35,1570,637,37,70,11,53,62,4,907,47,1571,35,101,4,401,38,1572,37,104,27
508,1573,1574,38,14,1575,983,11,84,11,1576,247,4,1577,8,856,441,13,4,1578,35,1579,215,311,1580,1569,161,21,1574,74,27
867,14,1581,8,856,441,13,4,1582,138,1395,8,1583,13,25,11,1584,14,1585,1147,37,1586,35,283,11,807,38,23,21,296,27,907,47,1571,4,849,218,153,1587,74,37,59
1588,38,1589,21,1590,80,81,27,4,153,23,4,1591,138,304,25,133
1583,2,3,4,5,4,6,1592,415,49,4,62,4,841,4,1576,7,14,168,11,292,4,1593,19,1594,19,1595,1596,8,856,441,13,25,1597,80,81,37,78,35,1598,11,439,84,1599,433,1600,4,1601,1602,86,1603,21,443,135,27
23,4,1604,38,14,11,1605,11,1397,11,1396,11,1606,45,54,1607,942,907,47,337,25,1569,161,21,792,81,37,59
2,3,4,5,4,6,7,14,1194,4,1608,38,1521,158,161,80,81,37,676,11,84,445,1599,160,161,4,1323,21,443,135,37,59
362,4,160,161,14,84,11,1609,8,856,441,13,1610,11,1611,19,1584,8,856,441,13,1588,138,15,158,2,3,4,5,4,6,7,25,11,1612,4,224,38,1613,21,1614,1615,126,4,1616,158,25,208,27
84,38,14,1617,1610,311,362,4,1618,8,1615,13,21,1619,81,37,70,11,71,132,25,14,1620,35,574,137,4,139,35,1621,38,1478,74,37,59
84,38,14,1622,8,856,441,13,1610,311,1512,405,47,1623,158,21,1619,81,27
84,4,157,138,1624,158,2,9,4,5,4,6,7,14,11,1625,1430,14,1170,1626,920,35,301,135,355,27,1169,11,1627,479,35,480,27,6,4,140,14,588,4,132,1022,38,154,155,35,1001,37,59
1628,19,1629,1610,138,11,1630,4,1631,35,1272,74,37,149,81,27,84,4,1632,158,2,6,19,1633,7,14,11,157,158,4,1418,35,1634,27,1635,1636,4,352,35,1637,27,304,25,133
1638,19,1639,8,856,441,13,1610,138,84,4,2,3,4,5,4,6,7,439,14,11,154,1640,35,1641,37,1642,1643,35,1644,27,1395,1645,4,132,21,1646,38,69,37,59
1006,153,61,4,1647,50,1648,37,132,54,35,1478,74,27,2,1649,1650,7,8,84,13,11,1021,4,1651,25,1652,4,1653,47,54,35,1478,74,27,1654,19,1655,138,1656,1262,2,6,7,8,84,13,45,21,133
1652,4,765,38,1657,27,1255,161,38,14,913,4,224,47,304,21,133,8,108,132,1658,14,609,1659,13
1652,4,765,38,1657,27,1660,14,913,4,1661
913,25,14,2,3,4,5,4,6,7,35,1244,86,149,81,27,151,4,852,35,1662
1663,86,2,6,7,21,132,1175,1307,1664,47,1244,50,69,37,59,304,38,1468,11,95,25,129,42,130,21,133,38,1665,273,304,11,1666,1667,4,108,45,14,1668
108,158,45,761,14,3,4,5,4,6,4,160,132,108,45,153,1267
2,9,4,5,4,6,7,8,9,4,10,4,6,11,1669,1670,13,14,2,3,4,5,4,6,7,35,1652,50,56,1671,19,1672,1673,4,1618,1262,158
1671,14,1674,431,1618,1673,4,514,1675,86,940,37,104,27
133,171,4,1676
1677,47,469,4,1678,25,11,6,14,472,50,1679,38,1131,4,73,35,1275,25,104,27,21,11,1680,474,74,37,70,11,472,4,1681,35,795,25,560,277,4,561,50,1679,38,190,4,1682,25,1683,25,104,27
53,1684,11,6,14,1685,35,480,37,59,33,863,21,154,1686,35,316,37,1687,4,35,452,37,11,1688,25,33,863,35,36,27
75,14,33,863,35,1689,416,38,154,1690,169,600,27,21,11,53,700,38,208,27,154,484,38,485,27
1691,1692,169,1693,50,11,33,863,21,1694,37,59,4,35,577,37,11,6,14,36,11,1695,47,1696,4,579,38,1697
478,38,14,1698,689,21,208,27,727,11,1699,585,50,74,27,21,11,1700,21,1701,37,209,621,422,37,1702,273,113,1703,210,50,993,81,27
6,21,1704,1705,585,218,50,1706,25,104,27,1337,11,1707,38,1708,4,510,21,593,37,368,27
510,4,602,38,14,1709,21,208,37,11,478,38,14,570,1005,4,409,38,209,1710,35,504,25,210,50,26,37,208,27
6,21,185,35,1711,50,11,1712,21,1713,38,1714,226
496,6,14,689,35,1699,585,50,74,27,21,11,1715,47,498,35,510,602,38,1716,37,104,27,727,257,1702,355,27
6,21,257,1706,226,1337,11,509,14,1717,21,1718,600,27,1719,21,1707,38,593,37,368,27
53,1717,38,14,209,1710,35,1720,37,210,50,26,37,244,11,6,21,185,35,518,50,579,38,1721,1722,142,69,27
185,38,483,27,6,21,522,296,27,62,11,579,14,524,25,1723,38,520,11,75,14,1724,38,1725,4,1709,4,1726,4,1727,35,504,226
564,11,1709,4,388,38,1728,11,1701,27,1700,4,498,484,35,499
1729,27,1730,25,14,11,882,565,1731,21,547,35,74,37,104,27
6,14,185,38,1732,27,21,11,33,863,35,452,37,257,1733
53,965,25,11,6,14,1734,50,1735,38,51,11,93,38,1736,97,21,217,14,1737
508,1738,273,324,14,1739,37,209,1740,50,1741,1493,4,214,210,35,65,576,215,38,1190,74,27
324,25,93,1742,27,4,35,1743,38,53,741,35,201,27,6,14,588,11,33,863,4,177,38,1697
496,6,14,209,1744,35,968,37,368,37,210,50,33,863,38,993,81,11,177,4,388,38,600,27
1744,35,577,27,6,21,11,1745,38,208,27,1717,35,1720,37,513,50,11,75,14,177,38,1746,37,513,1722,142,520,11,33,863,14,483,37,1747,37,513
478,231,33,863,1748,882,565,21,1749,37,11,209,1750,35,1751,56,210,211,1752,25,1753,27,1754,1755,4,581,11,582,35,177,38,1756,21,11,6,21,1757,38,1758,27,62,11,1754,113,1759,1217,1218,38,69,37,513
185,35,452,27,882,565,14,209,177,35,1760,585,210,50,6,21,142,69,27,232,38,1761,296,27,1762,35,1763,11,1764,25,1765,35,321,37,513
508,882,565,21,1765,35,142,1705,585,50,1766,38,69,37,59,205,38,6,14,1767,1768,38,1769,11,53,416,4,73,35,1720,37,11,1770,431,1714,226
567,27,33,863,35,1733,965,25,1771,11,6,14,40,981,1772,1731,38,51,11,53,107,35,1773
508,11,981,1772,1731,14,6,35,1774,226,50,1775,74,11,6,14,981,1772,1731,38,1776,81,27
588,603,38,51,11,3,47,98,35,762,81,27,6
209,1777,1712,35,1778,38,74,453,210,50,266,27,1779,21,1780,25,603,35,1781,66,37,513,153,11,53,1782,25,1783,231,1784,74,27,144,113,142,507,1785,35,1786
185,35,400,37,11,142,520,422,645,74,27,1169,11,1785,1661,38,1787,35,1788,38,1720,52,11,1789,1790,226,621,80,38,69,27,6
588,6,14,276,277,38,51,11,144,38,993,81,37,1791,8,1792,657,658,13,50,656,863,11,1793,1794,4,1795,38,635,27
478,25,14,861,435,171,1796,273,171,8,1797,25,153,273,171,13,862,35,1798,56,211,1799,279,280,35,74,37,104,27
6,14,33,863,4,1217,35,1786,1800,53,279,280,38,1801,21,11,1573,214,21,1802,273
478,231,1803,74,37,368,27,33,863,21,1791,38,1804,35,1805,81,11,1806,35,1807,1808,74,52,153,209,1809,1809,210,50,1810,27,4,35,1733,153,11,965,25,660,38,1811,37,578,11,6,14,1812,33,863,35,1733,4,35,1738,27
478,231,1813,276,277,21,1749,11,209,71,1814,4,660,14,673,4,304,210,226,50,6,38,745
6,21,707,4,673,50,1815,27,215,21,273,50,1816,50,11,276,277,14,209,707,4,673,38,1817,377,11,1818,14,1819,35,698,210,50,266,37,11,6,35,44,4,5,38,1820
702,4,1821,4,1822,25,11,6,14,1823,1824,38,338,1825,35,1826,37,59,324,4,44,1827,49,38,1817
564,11,478,231,695,27,707,4,673,38,51,11,1828,38,632,80,81,27
185,14,11,722,35,1829,721,38,11,564,11,1830,35,723,721,38,641,211,1799,1264,757,27
1831,1832,652,153,11,965,25,1707,38,1833,27,276,277,4,1834,25,11,707,4,673,50,1835,1836,1837,35,1838,37,578,11,6,14,782,38,491,594
6,14,279,280,4,324,35,809,86,1839,226,1799,782,4,325,38,1840,1841,74,11,1842,4,1843,50,153,1844,276,277,4,1057,35,1845,27,232,38,1846,27,1793,1794,21,1780,25,1847,1848,21,142,69,37,513
496,316,37,104,27,1787,35,1849,1720,37,142,520,11,707,4,673,38,1850,37,209,1851,25,11,1852,25,11,1853,4,1854,1855,210,50,1856,56,153,11,1857,1858,97
508,1859,1700,38,1860,27,6,14,11,220,21,1861,37,59,120,47,4,226,50,1816,50,209,1862,4,1863,210,50,1864
1865,37,59,220,35,1866,472,4,1867,25,1681,21,1868,27,6,14,11,209,1681,35,1869,37,98,4,1870,35,74,1871,210,50,993,81,27,232,11,1872,21,615,37,1873,27,98,35,1870,74,27,215,25,472,38,209,1874,14,841,35,452,27,4,265,210,50,993,81,11,279,4,490,38,1736,97,4,757,27
84,113,84,38,1875,80,81,27,1876,8,913,11,1877,441,19,1878,441,13,11,84,113,84,38,1875,80,81,27,1876,8,913,11,441,1879,13,11,564,84,1006,38,1875,80,81,37,59,1876,8,913,11,441,1880
1881,4,1882,38,1883,21,966,80,81,37,59,215,21,1884,80,81,37,59
13,25,14,11,1883,4,1377,21,1885,135,765,21,1886,37,59
257,11,1377,4,48,212,42,1887,4,1888,153,966,80,81,37,59
73,850,38,14,1889,35,1890,11,1389,4,96,107,21,1085,80,81,37,59
158,4,1673,101,11,1394,4,1389,1891,38,153,1892,4,1389,21,1382,80,81,37,104,27,21,11,1857,11,1045,1587,38,80,81,37,11,1893,1894,35,1895,215,14,355,27
84,11,1896,25,1875,80,81,27,441,38,1897,160,86,11,1898,38,69,27,1389,4,1899,209,210,8,276,277,4,1900,1901,13,21,1360,80,81,27
101,11,1902,441,4,158,8,84,13,25,276,277,4,1867,35,1903,27,1904,14,84,25,1905,37,70,8,84,38,996,1906,74,37,104,27,13,11,1907,86,1908,19,1909,21,276,277,4,1910,35,361,74,27
1909,14,1119,38,153,11,1911,4,714,799,8,2,1912,4,1913,1493,7,8,1913,13,11,2,1914,19,1915,7,8,1916,13,13,35,1917,25,59
1245,25,14,84,1875,4,209,9,4,5,4,6,1918,19,1919,210,38,1360,80,81,37,59
2,87,4,5,4,6,7,8,1920,4,10,4,6,11,12,13,14,11,84,38,88,80,81,27,22,19,23,4,28,29
2,3,4,5,4,6,7,8,84,13,4,85,25,244,11,1921,25,14,3,4,5,35,55,74,27,32,6,21,11,1922,850,25,14,87,35,699,37,1923,54,38,1924
1921,50,1183,11,1925,38,14,907,47,92,93,42,108,21,1926,135,37,59,21,11,63,25,149,81,27,214,21,68,50,69,37,59,1921,50,14,1927,11,159,113,82,35,1928,74,37,149,81,27,1922,850,4,67,14,431,1929,47,1930,21,1931,81,37,70,11,6,35,159,50,56,847,905,49,14,1342,4,1932,1364,11,1933,25,1934,81,27,87,4,5,4,388,35,1935,56
257,1922,850,25,14,1936,42,1937,50,1938,679,11,1939,38,1250,56,48,21,847,56,891,11,91,98,4,1330,850,86,103,97,209,1940,4,98,210,21,95,850,86,847,56
1921,1183,11,891,38,153,100,4,98,50,99,21,95,38,96,80,81,37,70,11,139,153,1941,136,19,137,21,1475,37,59
2,3,4,5,4,6,7,50,1942,38,507,132,86,11,1921,150,907,47,127,38,128,80,81,37,1020,25,1943,81,37,70,11,1921,50,1564,27,160,161,35,159,86,907,47,162,42,1266,132,35,1944,25,59
1921,50,1315,11,2,87,4,5,4,6,7,153,257,6,19,176,35,159,50,56,176,180,50,4,1945,21,1946,4,68,38,69,37,70,11,1922,850,25,14,206,84,4,205,4,880,21,67,38,154,155,35,1001,37,59
71,84,4,436,11,23,50,176,177,4,1947,56,1948,4,1949,1950,4,1951,25,133,1952,8,1953,4,1203,1954,13,4,1955,21,244,11,53,171,38,1229,1191,1956,1957,47,1958,21,208,27
23,153,1955,4,1959,11,220,4,392,1960,150,6,38,1961,11,1962,25,1963,81,27,195,4,1964,35,1965,1966,35,1066,927,226
1967,4,230,38,153,1952,253,4,195,1968,1969,21,244,11,71,1110,14,1970,38,1971,37,1972,21,1973,81,11,176,177,4,180,14,1952,1974,38,1823,1975,35,1976,27
6,21,673,38,507,169,4,1977,211,2,87,4,5,4,6,7,4,1900,42,11,95,921,4,6,50,1975,50,4,325,11,1978,50,1979,1980,4,282,45,14,11,71,1981,4,1970,113,1946,35,301,37,59,304,50,454,594
236,71,438,4,1970,4,205,4,343,11,23,14,1982,38,1983,74,37,104,27,176,180,38,1984,81,37,11,71,1985,25,1191,1956,180,150,1986,37,59
1987,38,14,176,180,4,1988,4,1989,1990,1991,21,244,11,176,457,21,1992,1993,50,69,37,104,27,62,38,11,180,14,71,1994,4,177,38,1995,1996,135,37,104,27,4,25,133
1990,1991,4,1997,4,1998,4,602,38,14,579,1175,21,1999,154,87,21,2000,135,37,70,11,867,21,87,35,699,37,2001,4,54,38,659,211,1571,4,451,38,69,27,304,50,454,594,178
564,2002,609,11,23,21,180,150,2003,25,2004,38,2005,11,2006,113,2007,4,2008,35,2009,50,11,2010,1342,2011,4,224,47,2012,2013,21,2014,37,104,27
257,73,850,514,515,4,2015,4,2016,14,11,1410,168,38,1949,2017,17,25,2018,231,2019,38,2005,11,53,2020,38,23,50,6,11,53,2021,4,184,4,324,120,21,2022,35,583,37,2023,37,368,27,1110,4,880,35,1968,1930,74,27,304,25,133
84,38,2,3,4,5,4,6,7,35,382,74,37,2024,2025,50,69,27,22,19,23,14,11,71,132,4,78,35,400,37,85,4,2026,35,563,27
23,21,2,6,7,4,82,17,25,133,2027,38,2028,27,168,4,254,4,388,25,14,11,1319,1664,47,337,35,1637,37,104,273,1169,11,85,35,2029,454,35,2030,563,37,59,215,21,2031,81,37,70,11,564,53,2032,169,38,14,1444,38,432,38,2033,74,27
1669,4,2,87,35,699,11,564,6,21,478,25,452,27,304,7,211,288,35,23,38,988,74,27,4,14,11,1948,4,187,25,208,27,2034,2035,25,208,27,987
67,4,432,4,77,25,2036,74,27,4,21,139,4,314,25,208,27
23,14,1453,11,1921,4,139,35,361,74,27,136,19,137,38,2037,314,35,635,27,50,454,594,21,11,137,14,2038,35,2039,38,71,228,35,2040,27,4,25,133
71,62,23,14,139,152,35,2041,265,263,377,983,11,137,4,1591,35,400,37,1213,19,2042,8,856,441,13,42,390,391,4,2,299,4,332,7,4,139,35,361,74,27,2043,19,2044,2045,45,38,2046,27,21,11,397,153,2047,21,2048,355,27
1857,11,23,14,137,38,11,144,21,937,228,35,2049,37,59,82,17,348,559,11,2050,1585,1615,4,2051,497,35,721,38,2052,211,2053,35,2054,74,11,343,38,236,209,2055,35,577,37,14,210,211,2053,4,68,25,71,228,35,2049,1033,215,38,69,27
1921,50,1315,11,2056,153,23,14,139,973,215,961,38,320,35,321,137,35,964,80,66,27
1144,67,4,2057,25,673,50,507,6,38,11,137,14,159,2058,35,2059,66,37,104,27,4,226,21,11,2058,35,2060,74,37,104,27,23,14,71,2061,35,348,2062,4,2063,38,2064,66,37,59
53,610,25,137,153,23,4,1042,38,320,35,321,37,70,11,95,4,98,38,593,37,542,209,1741,50,1740,210,4,1564,38,2065,56,45,74,27
236,137,14,11,209,2066,35,2067,27,2068,210,21,847,56,95,4,570,282,973,365,35,2069,74,11,23,153,867,35,972,37,71,282,35,2070,2071,74,37,59
71,2071,80,81,27,282,14,84,38,69,37,1282,2072,80,81,27,8,446,2071,80,81,27,282,35,1267,13
84,4,230,38,14,11,23,14,293,38,694,4,2073,4,251,35,2074,37,59
508,137,21,2075,2076,74,37,104,27,1661,139,4,228,14,2077,11,343,38,1278,4,2078,2079,35,137,38,2074,27,23,14,11,348,4,139,35,2080,37,2,87,4,5,4,6,7,35,382,56,169,84,1465,490,2081,97,215,38,69,27
268,168,4,433,38,382,80,81,27,2,87,4,5,4,6,7,14,728,38,2082,38,520,11,395,4,396,25,1921,38,2083,273,2084,21,2085,81,27
382,113,84,4,205,38,260,261,126,35,2086,11,588,153,570,217,153,440,215,121,441,35,442,443,11,23,21,444,74,27,84,169,38,260,261,445,4,2,87,4,5,4,6,7,21,344,81,37,59
331,4,224,38,11,137,14,209,2066,35,2067,27,2068,210,4,282,559,365,35,2069,74,11,979,405,38,23,38,71,1113,35,2071,80,66,37,59
2087,304,35,1704,1281,37,932,38,2088,263,2089,4,218,272,273,74,11,1424,214,86,153,2090,2091,273,11,211,4,21,11,23,2092,4,328,25,2069,80,81,27,137,4,1856,25,208,27
71,325,14,23,4,2093,4,2094,21,2095,27,23,4,1130,8,84,13,25,2096,135,37,59,120,25,11,53,2071,80,81,27,89,21,2097,224,47,304,25,208,27,4,218,14,1893,814,38,153,103,81,273,357,25,208,27
508,84,38,69,37,11,71,2071,1113,4,2078,2079,21,2098,4,2099,38,2100,80,81,11,867,311,1282,1954,38,1334,81,27
2101,14,2102,4,905,25,244,2103,218,1218,226,21,11,251,14,172,177,4,2104,4,905,4,2105,113,53,2101,38,2106,81,27,304,25,133,211
71,251,14,588,2107,38,153,1360,80,81,82,80,81,37,59,8,1560,441,25,14,1547,1548,1314,2,2108,2109,87,4,5,4,6,7,38,2110,13
71,282,14,137,4,254,4,765,113,74,37,11,514,515,4,2111,4,2061,4,1563,38,208,27,304,50,2112,80,81,37,104,27,21,11,2113,4,2072,311,11,1444,38,14,514,515,4,1278,38,600,37,104,27,304,25,133,215,21,2114,27
137,50,2115,14,209,515,210,50,2116,74,37,104,27,21,8,53,62,2117,4,515,50,14,2118,2119,515,208,27,4,226,50,1775,80,81,37,368,27,13,11,1444,38,14,2120,74,27,515,50,507,224,47,489,304,25,14,273
6,21,33,4,2121,50,2122,27,1953,11,835,4,1933,38,2123,585,50,56,2124,4,2016,25,11,209,2125,210,4,2126,62,2127,35,566,27,6,21,2128,11,144,4,214,35,566,37,2129,211,765,25,11,2130,4,209,2066,210,14,2131,47,2132,35,74,27,11,2133,4,2134,4,224,47,352,35,74,27,304,50,2116,80,81,37,59,8,1430,14,2135,25,2136,81,37,59,13
257,108,98,50,2137,98,8,2138,14,1218,13,153,570,2139,2140,81,37,59
209,33,4,2121,210,21,847,56,514,515,14,2141,25,121,1300,489,515,25,244,11,23,21,137,4,988,35,972,27,4,14,11,71,515,35,2142,56,1928,153,208,27,50,2112,527
2072,80,81,27,282,14,137,21,1432,74,27,2143,11,2,87,4,5,4,6,7,4,1119,4,1113,38,2144,37,2145,35,2146,37,59,11,211,4,21,450,4,2147,2148,74,27,2149,25,133,21,11,508,185,14,23,21,2150,35,1702,37,2151,35,552,167,25,208,27,62,25,133,50,153,454,594
2152,4,171,4,1959,11,1998,4,167,25,2153,35,2154,37,104,27,6,14,11,2155,2156,35,2157,37,678,27,1975,4,2158,35,2159,11,2160,1975,35,2161,38,1182,2162,35,2163
53,2164,25,87,4,388,4,54,35,1182,74,37,59,416,38,11,6,14,1444,38,87,35,699,37,87,4,54,38,2165,25,513
87,4,388,4,1998,4,167,25,14,11,1342,4,2166,21,2167,35,316,37,2168,37,59,21,11,159,683,38,14,6,4,738,21,2169,983,11,6,14,683,35,2170,645,74,37,2171,576
6,14,87,373,25,1068,81,27,73,4,388,4,98,8,1940,4,98,13,35,87,38,2172,215,311,2173,27,326,11,2174,38,193,37,790,8,514,515,87,4,2050,4,177,13
6,14,2006,38,2175,585,50,56,21,11,660,21,6,4,2167,38,2176,37,216,217,153,6,35,177,4,167,38,2177,37,513
53,416,38,6,14,1859,1772,1841,21,1037,135,27,2178,38,2005,2179,11,2180,42,1824,45,50,92,35,2181
478,38,6,1778,4,2182,38,69,27,2183,4,673,21,2184,11,6,14,2185,2186,2187,38,2188,215,311,673,38,2189
2006,38,493,27,6,14,2190,50,2191,25,1342,2011,4,224,38,1934,81,27,2192,35,2193,37,71,54,1175,21,1342,1264,38,69,37,59,215,35,2194,11,2183,4,673,4,626,25,220,153,2166,86,718,56,215,35,2195,8,514,515,726,27,2196,13
33,4,2197,8,2198,13,50,69,27,6,14,11,694,4,2199,25,2200,2188,62,38,220,25,153,103,273,416,38,2201,38,2202,11,409,35,480,27,2203,11,2204,11,2205,11,2206,2207,35,743,1867,8,738,14,2169,273,21,11,2208,2209,47,2210,50,976,13,50,2211,56
864,103,273,416,38,532,2201,4,649,38,593,27,6,14,11,2209,47,2210,50,323,324,2212,38,520,11,144,113,907,47,87,4,5,4,2213,35,310,80,97
588,570,324,38,69,27,6,14,11,478,38,623,50,1446,4,1484,21,272,121,507,209,2214,4,599,210,38,2215,11,496,2216,50,2217,38,507,21,11,599,35,593,27,2218,38,6,21,209,1111,210,25,133,215,35,2219,27,2216,14,567,37,529,37,513,8,514,515,87,4,5,4,2213,49,13
532,570,324,38,69,27,6,14,11,835,4,515,25,1939,4,48,25,133,1937,50,1938,38,604
683,14,6,38,2220,25,59,2183,4,708,35,252,11,6,14,708,4,841,4,388,4,905,38,1665,273,4,226,50,615,27,326,11,786,4,1661,38,2221,27,2222,2223,2224,4,2225,35,159,11,864,786,4,2143,38,11,2226,74,37,368,27,2209,47,2227,35,2228,37,567,37,529,37,513,8,514,515,1937,50,1938,13
478,38,11,729,2227,4,2229,311,673,4,2230,21,2231,81,37,542
6,14,695,27,33,4,673,4,2232,35,2233,37,2234,11,75,113,11,220,14,490,35,2186,2187,38,726,37,104,37,1254,4,215,35,2235,74,37,59,4,226,679,1653,47,214,35,762,97
508,323,324,21,2236,38,2190,35,2237,50,11,1707,38,673,14,2238,38,738,35,1095,11,525,14,2239,1403,4,2240,38,507
53,3,47,1403,25,14,11,6,21,487,38,133,304,35,2241,585,50,56,50,294,37,478,120,2242,38,507
6,14,2243,2238,35,2244,37,191,35,2245,25,59,220,38,1769,11,2238,38,993,97,357,38,191,35,2245,2246,11,1772,35,2247,2246,74,27,326,11,532,103,273,416,38,68,4,2240,38,2248
6,14,2249,35,2250,215,38,74,11,567,37,652,2249,35,2251,103,273,416,38,2174,38,650,8,514,515,2155,50,299,13
53,2249,14,2252,4,602,38,2253,11,1939,4,48,25,133,1936,38,2254
144,14,2255,47,606,25,6,38,562,214,35,74,11,220,14,92,38,680,47,1092,35,2256,37,641,215,21,527,4,226,679,215,35,1102
6,14,209,1940,4,98,210,35,144,38,2257,74,37,558,21,11,144,4,68,35,616,50,11,53,2258,25,154,492,2259,21,2260,8,514,515,1936,13
492,2259,21,2261,27,2218,11,599,4,2262,113,33,4,708,4,729,2263,21,712
6,50,33,4,708,14,11,2264,4,570,324,8,2265,13,113,4,367,35,400,37,2119,570,324,4,2264,8,2266,13,21,2267,1964,38,2268,11,496,2269,2223,2270,37,59,1978,50,1979,1980,35,806,56
1978,50,1979,1980,14,1939,4,786,4,1661,38,2271,35,36,2272,27,326,2273,517,35,320,74,11,6,21,185,35,2274,2275,35,2276,97,21,11,525,38,154,2277,4,2259,21,2278,563,11,6,14,53,2259,113,598,37,835,4,1933,38,650,8,514,515,1978,50,1979,1980,13
2259,21,2279,50,6,4,68,38,2183,4,2121,50,33,4,2121,21,695,37,11,6,2223,2224,35,2280
2281,74,27,33,4,2121,14,6,35,835,4,1933,169,2282,585,50,2283,11,2284,2285,4,2286,1719,42,2287,337,4,2288,679,349,4,907,47,2289,47,2290,35,896,74,52,599,4,1074,38,754,74,11,496,489,107,35,2291,37,6,50,2292,8,514,515,2293,4,2290,38,2294,13
835,4,2295,38,600,27,6,14,11,220,4,733,38,2269,21,2296,37,59,215,38,1769,11,220,21,673,38,2297,27,215,35,1816
477,2243,220,4,2298,38,2183,4,673,50,33,4,673,21,476,37,70,11,323,324,14,673,4,2299,35,2300,62,38,11,209,555,113,2301,35,2302,50,670,14,216,218,210,679,1653,47,2303,35,2304,38,6,38,552
323,324,21,2305,37,2306,50,1707,38,2307,21,2308,11,6,21,185,35,2309,50,6,4,62,4,2310,2311,21,2312
508,2313,81,37,368,27,642,14,2314,153,310,21,2315,50,2160,2316,135,37,385,11,6,14,925,153,518,215,21,359,273
6,21,2317,35,2318,585,50,56,50,11,2319,42,673,49,21,2320,74,159,525,14,729,730,38,731
2321,2322,35,2323,27,6,14,11,506,69,27,2183,4,673,35,2324,8,514,515,6,673,13
564,673,35,2325,50,11,53,738,14,1707,38,1975,4,2158,38,2254,8,514,515,2325,50,514,515,2326,50,178,13
6,14,2327,841,35,452,37,104,27,987,50,2328,11,1975,49,38,607,2329,27,326,11,71,841,14,2330,220,4,841,757,27,4,218,11,2331,2183,4,708,4,841,757,27,4,218,50,2332,56,8,514,515,2333,4,841,757,27,815,13
209,87,4,5,210,917,6,4,2334,14,1342,4,1932,38,1657,27,304,86,1063,81,37,70,11,73,850,4,921,38,14,53,997,35,1287,56,11,23,138,2335,50,2336,4,2257,21,1461,80,81,37,59
867,38,1234,263,11,33,4,2197,8,2198,13,25,133,6,14,11,1145,2337,8,33,613,113,452,37,2338,431,2339,1681,11,1692,113,2339,1681,13,25,2183,4,673,50,51,11,835,4,237,25,1932,1364,2340,1615,8,95,25,14,2111,38,2341,215,311,13,2188
478,113,907,47,48,50,51,52,237,618,2342,25,385,11,1933,38,2343,37,1345,38,2344,8,2345,13,74,27,1953,11,237,1681,25,2183,4,673,35,2346,2281,56,211,215,38,507
2347,71,777,25,14,33,4,237,1681,25,6,21,209,2348,210,8,2349,13,56,50,69,37,59,21,11,1444,4,1342,4,1932,38,1039,2336,21,133,1178,25,14,273
873,14,71,2335,150,11,1342,4,2166,4,2337,38,2350,80,66,27,48,4,2351,2352,21,1461,80,81,37,104,27,21,11,2353,730,4,68,50,507,62,218,84,4,441,113,2354,80,81,11,2355,38,23,4,2356,21,1461,80,97,224,38,69,27
71,2356,25,2357,80,81,37,59,224,38,11,1342,4,1932,38,2358,1657,37,59,4,14,2166,4,2359,120,25,11,33,50,2183,4,2336,4,2360,45,14,2361,38,2362,81,37,14,104,273
71,1342,4,1244,14,11,33,50,2183,8,2363,13,4,2166,21,2364,1942,38,507,211,997,25,11,87,211,73,850,4,2119,1390,4,1244,1300,2365,74,37,59,50,454,594
1921,25,14,2366,21,2367,81,355,27,922,6,14,11,73,850,25,14,95,4,923,4,388,25,209,183,50,2010,2368,210,50,2369,74,37,70,11,1453,1921,113,2370,1615,4,183,35,1637,37,59,304,50,452,594
1921,113,1941,847,56,48,86,14,11,1119,38,2266,50,2265,50,212,35,1095,27,657,658,50,656,34,21,59,21,11,73,1925,25,185,50,2367,81,37,59,1178,25,14,121,11,6,153,683,50,4,2371,38,14,2372,273
1342,35,1244,50,74,27,73,850,38,14,11,889,2183,50,33,4,673,1283,708,11,257,33,4,2121,679,11,1342,4,2166,38,2160,2373,35,1001,27,48,21,847,56
132,4,921,50,1278,38,593,37,542,6,4,2363,277,8,2158,13,50,33,277,8,2374,13,4,2375,153,257,11,2376,113,507,1342,4,1244,38,2350,74,27,304,25,133
2377,4,87,4,1244,14,11,1937,50,1938,11,1978,50,1979,1980,45,11,1942,38,69,37,847,56,48,21,1507,997,38,2378,215,21,527
683,50,1936,14,397,153,1939,38,145,48,25,244,11,23,4,852,211,1178,25,14,273,21,11,2379,405,38,1063,81,27,137,4,139,311,73,132,14,151,4,683,4,140,141,38,1031,155,35,1001,37,59,304,50,452,594
1921,2,3,4,5,4,6,7,50,1183,11,1922,850,4,48,4,416,4,849,218,153,11,23,50,6,19,176,4,2380,4,2381,47,905,35,904,38,74,645,878,74,27,304,50,2112,80,81,37,59
1144,514,515,38,847,56,209,2382,1772,210,4,416,4,1824,8,2383,13,50,2384,8,2385,13,14,11,6,19,176,4,1692,4,2021,2386,50,2387,35,878,74,37,59,50,452,594
6,38,2388,405,47,11,2290,680,4,33,4,2121,14,11,2389,22,19,23,349,35,904,38,74,27,48,50,454,135,37,70,11,209,2183,4,673,210,14,176,180,4,897,898,2390,2391,35,904,38,74,37,59,4,25,14,273,218,50,993,81,37,59
95,38,96,80,81,37,59,98,42,99
206,288,4,273,304,14,914,35,327
2392,2393,14,2,320,4,1507,642,1403,7,8,84,13,4,2394,2395,4,388,25,11,349,4,132,4,1569,25,133,2396,761,209,2397,8,2398,13,37,11,53,2399,35,2400,2401,11,8,2402,13,32,6,21,2403,27,87,4,5,50,333,54,4,388,210,50,2095,37,70,11,2,87,4,5,4,6,7,35,1275,25,104,27,215,35,2404,576
2393,1123,17,25,153,133,2405,4,2406,2407,2408,14,11,867,50,333,1276,38,1068,81,27,2,2409,2022,4,1490,7,4,388,4,11,1466,2410,21,2411,273,416,38,2111,4,388,38,59,211,224,47,2016,45,38,2,87,4,5,4,6,7,50,4,2412,997,35,2413,37,59
2414,4,1361,14,84,737,11,1363,4,256,38,2415,37,2,87,4,5,4,6,7,4,514,515,209,1936,210,35,2416,74,37,59
508,71,515,25,2417,81,37,59,209,1940,4,98,210,559,2418,2419,14,209,2420,35,2146,37,59,210,86,2421,2422,25,133,50,2423,11,2424,2028,4,254,4,589,25,11,1135,405,2425,35,103,273,2426,4,98,25,133,86,2427,74,27
1953,4,2428,2429,4,2430,2431,14,11,2,1092,4,2432,2433,7,8,84,13,514,515,942,71,2434,138,209,1940,4,98,210,4,1314,35,1328,37,70,11,71,388,25,2435,14,1888,38,452,594,2434,4,127,21,209,2436,4,1366,210,38,2437,209,2438,17,4,127,210,25,133,50,1136,74,11,23,4,209,8,2439,2426,4,13,1366,210,50,4,2440,35,2441,37,59
2,87,4,5,4,6,7,14,11,160,161,942,14,2,3,4,5,4,6,7,38,53,1086,35,1564,645,11,2,3,4,5,4,6,7,50,4,1563,2442,4,1930,21,2443,81,645,679,215,153,792,81,37,59
1144,157,4,1624,158,2,9,4,5,4,6,7,14,11,2444,14,2,3,4,5,4,6,7,226,21,11,2,87,4,5,4,6,7,4,2445,50,2446,21,847,56,891,11,707,4,673,4,2447,38,2183,4,673,4,185,21,1522,594,45,74,37,59
2,87,4,5,4,6,7,2448,4,160,161,4,163,86,14,11,136,19,2449,1610,4,84,4,2450,158,2,6,19,2451,19,2452,895,7,45,21,133
257,84,4,157,4,2453,158,2,2454,4,1491,7,14,11,2455,4,48,25,2,87,4,5,4,6,7,4,67,35,2403,27,304,25,133
1462,71,132,25,14,1342,25,14,121,44,35,1244,38,74,37,59,8,3,4,5,4,6,4,160,132,153,1267,13
206,2,87,4,5,4,6,7,38,2456,151,4,852,38,14,913,4,224,47,304,21,133
1462,129,19,130,1667,4,304,42,1666,1667,4,108,45,14,1668
1921,35,1288,27,209,6,210,2457,21,2456,304,761,14,3,4,5,4,6,162,35,1267
1560,231,4,362,4,128,14,11,2114,37,59,1468,25,14,84,8,1457,84,13,11,2,1466,54,7,8,2458,1991,13,38,1461,80,81,27,1463,1464,1314,209,87,54,1592,2459,2460,210,21,694,25,11,2,3,4,5,4,6,7,4,362,1314,8,1454,1314,2,6,67,7,84,13,431,153,2461
1463,4,1314,14,1407,38,1621,47,1314,25,14,121,11,1463,4,852,21,2462,4,2463,805,27,162,19,108,38,1465,304,25,11,922,4,1484,153,209,1485,8,1486,13,1487,210,38,1095,135,37,59
1497,1498,14,71,1464,1314,38,1230,80,81,11,84,8,1500,84,13,431,349,4,1314,209,87,1016,1499,210,35,2,497,4,2464,7,8,2465,290,13,38,2466,1599,1471,74,11,434,2,1497,2467,2468,2469,2470,7,4,514,570,2442,86,382,74,37,59
1497,4,1314,153,864,1621,47,128,25,14,121,11,1652,4,515,169,4,765,38,1497,21,2471,38,2472,74,27,765,38,69,37,59
922,4,1484,153,209,6,210,25,14,121,209,1496,1487,210,25,133
2473,4,84,8,1500,84,13,38,14,1508,1509,21,2,3,4,1016,514,1377,6,4,841,11,514,323,261,87,4,1510,7,86,11,2474,85,35,1971,27,1314,35,897,2475,382,280,113,82,74,37,70,11,2,87,4,5,4,6,7,4,1512,405,47,128,14,71,1508,1314,21,362,50,305,97
67,4,1314,2476,38,2,87,4,5,4,6,7,35,1522,27,4,153,11,1508,21,71,1314,35,2477,74,37,84,38,2478,2479,2480,431,2,9,4,5,4,6,7,2,1920,4,5,4,6,7,86,889,82,74,27,4,21,1453,362,25,133
1462,11,867,431,167,4,84,38,11,1527,1528,1529,21,2,6,7,4,162,1576,4,1314,2476,86,2,87,4,5,4,6,7,35,1522,27,163,21,133
588,153,2,3,4,5,4,6,7,50,1566,25,1393,1560,231,4,128,21,792,81,37,70,11,2481,1006,153,1541,1542,11,1543,1544,11,1547,1548,11,1549,1550,11,1553,1554,11,1555,1556,11,2482,2483,11,2484,2485,11,1551,1552,11,1557,1558,1559,891,100,4,1409,4,1314,21,11,907,47,936,50,2486,81,37,382,80,81,37,59
417,2,3,4,5,4,6,7,1667,21,2487,97,2488,153,1507,62,11,2,3,4,5,7,50,2489,263,53,1191,14,2490
178,2491,2,234,4,5,4,6,7,8,13,14,11,22,19,23,21,84,38,60,4,2492,61,38,2291,27,72,4,73
2,3,4,5,4,6,7,8,84,13,4,447,50,69,27,67,25,244,11,1410,132,21,2493,38,69,27,1953,4,84,38,14,448,441,153,82,80,81,27
23,2494,4,460,14,937,729,12,2495,38,2496,80,81,37,59
71,67,14,168,11,23,50,176,177,4,179,180,11,181,182,11,6,11,184,11,1283,195,2497,25,4,23,4,187,884,21,635,27,202,231,4,192,4,232,38,2498,27,304,25,11,189,190,8,2499,190,13,35,191,25,2500,2501,38,11,23,21,6,4,62,38,213,37,65,66,27,63,4,2502,25,208,27
6,38,71,214,35,221,37,222,37,223,224,2503,81,27,23,14,11,192,4,227,113,432,38,229,11,451,4,67,38,233,35,2504,11,1333,153,2505,37,168,38,67,4,432,21,2506,74,27
23,14,236,2507,113,139,4,432,38,229,11,238,153,348,220,25,1475,37,73,35,235,80,66,11,168,11,183,4,6,38,71,73,35,76,74,27
242,38,248,19,249,38,251,35,252,37,82,35,256,135,27,215,21,11,67,35,236,2508,37,2,3,4,5,4,6,7,86,82,56,1780,50,69,27
2,234,4,5,4,6,7,14,67,4,1082,14,2509,2,3,4,5,4,6,7,50,333,304,25,11,33,34,35,2251,34,484,38,485,27,32,6,21,1923,54,38,2510,2511,907,47,55,35,56,211,765,25,133
1462,2512,80,14,2368,126,25,11,627,457,42,276,277,4,2513,42,11,657,658,42,656,34,21,847,56,209,278,27,279,280,210,4,2513,45,14,847,74,273
257,2,3,4,5,4,6,7,25,515,35,2514,37,1063,97,707,4,793,4,782,4,2016,14,2,234,4,5,4,6,7,25,14,2515,126,4,2512,80,25,133
67,165,1684,4,2516,35,2517,27,2518,98,14,2,234,4,5,4,6,7,38,14,1319,121,11,388,501,4,2519,38,14,721,38,209,2520,415,231,4,433,76,11,2521,4,171,4,1103,38,210,8,211,2522,21,2523,373,25,1702,135,37,59
257,67,4,388,38,96,80,81,37,59,98,4,849,218,8,766,538,4,896,56,209,489,569,214,210,45,13,153,1886,37,59
139,14,2524,25,244,11,139,21,1063,81,37,59,2016,761,14,609,38,137,21,2,3,4,5,4,6,7,4,62,38,58,27,304,50,2525,304,21,1507
1278,4,2515,38,14,61,4,2526,990,8,2527,21,2528,27,183,101,4,6,4,990,113,2529,27,304,13,21,2530,81,37,59,21,11,84,11,23,1123,17,4,2531,1355,19,2532,427,11,71,990,4,1692,113,23,349,138,6,19,176,4,2533,21,2072,80,81,27
2533,4,2534,38,365,35,316,27,23,21,602,113,990,35,2535,27,304,2536,11,71,2533,14,937,2537,80,81,37,59,425,4,23,138,6,19,176,4,2533,25,133
2,3,4,5,4,6,7,4,82,113,84,609,11,2,3,4,5,4,6,7,2,87,4,5,4,6,7,21,2538,441,35,442,443,37,59,215,35,400,37,11,23,14,450,4,62,4,67,4,447,25,133,2,234,4,5,4,6,7,4,448,73,35,82,56,215,35,454,11,456,457,50,69,37,104,27,6,38,254,35,2074,27
6,4,967,35,301,27,23,14,72,73,35,461,11,2539,27,990,177,38,2540,25,2541,4,2542,35,2543,37,2544,441,4,62,4,990,35,2545,27
360,996,2546,2547,35,2548,25,2080,37,104,27,71,990,177,14,11,2546,609,990,4,2549,35,316,27,357,1217,35,2550,11,71,62,23,14,2551,35,2539,37,144,4,2552,35,2553,2549,35,2554,376,263,377,355,27
71,224,47,2555,4,2556,38,11,2,234,4,5,4,6,7,4,448,441,14,343,38,293,290,113,82,80,81,27
448,441,21,527,50,11,23,14,2557,2558,25,2559,38,238,74,27,304,35,570,414,6,38,2291,37,59
23,4,1604,11,2560,4,2561,35,1294,37,2562,4,2563,38,2564,74,27,6,19,456,14,11,72,73,2,234,4,5,4,6,7,35,2565,269,35,74,11,168,4,2098,4,2099,38,71,73,35,491,27
2566,25,2567,27,71,2568,4,718,17,38,14,729,12,2495,4,2569,153,104,27,21,11,2570,405,38,101,2098,4,116,1324,984,25,133,260,2566,4,2571,25,2572,324,4,2573,47,2107,2574,25,133,2575,8,856,441,13,21,2568,528,27
2575,14,2576,2577,4,609,11,864,71,73,14,15,324,4,2578,38,133,2579,304,50,2580,37,11,729,12,2495,559,2566,4,2581,35,2582,27,602,25,2583,2571,25,2584,2283,35,74,37,59,21,867,14,2585,80,81,37,59
588,71,73,14,2586,177,4,237,38,2587,37,104,27,21,11,514,323,835,1540,609,4,84,11,2572,2588,2589,4,2590,2591,19,2592,8,856,441,13,35,2593,50,56,2572,324,2594,311,260,2595,25,2596,81,729,12,2495,38,387,80,81,27
71,387,38,14,2597,19,1408,4,2598,559,489,205,2599,25,2600,74,27,15,324,231,4,2601,4,2602,21,244,11,2603,4,686,25,14,2604,729,2605,21,71,387,35,209,1065,47,2606,210,86,399,74,27
