2,3,4,5,6,3,6,3,7,3,3,5,6,3,6,4,3,3,7,8,9,5,6,3,7,10,11,12,3,13,14,3,15,5,16,3,17,13,18,9,19,3,7,20,21,22,7,23,9,24
4,7,3,6,3,3,6,25,7,3,7,26,9,27,28,29,3,7,22,7,26,9,30,11,4,31,19,3,7,20,6,3,7,32,9,33,7,20,21,3,11,3,17,6,3,7,20,34,28,9,20,7,26,29
35,4,36,6,3,7,31,37,6,3,16,3,3,7,38,28,9,30,11,3,7,20,34,39,3,13,3,6,37,31,37,40,41,28,9,42,29,20,3,13,20,17,6,3,13,26,9,24
43,6,3,3,7,20,32,9,42,29,20,3,7,3,17,7,20,32,29,44,3,3,3,13,32,29,3,7,23,9,24,15,7,57,11,3,3,13,47,47,7,48,13,50,39,15,37,6,3,7,20,34,28,20,13,20,6,3,13,26,9,24,3,7,12
3,3,7,53,28,29,4,54,3,44,3,31,3,3,6,20,20,7,56,20,32,9,30,11,33,6,23,29,3,7,14,20,3,7,57,41,39,44,11,37,6,35,4,36,6,3,3,7,31,19,20,7,58,9,24
47,47,3,35,3,6,3,6,4,3,6,3,6,4,36,7,37,44,3,59,54,20,54,3,6,3,31,2
3,20,20,20,20,60,61,62,3,3,3,3,13,3,3,13,3,3,3,20,54,20,20,54,20,20,20,20,20,3,17,3,17,20,20,3,59,3,59,3,59,3,59,3,59,3,59,3,59,3,59,20,3,20,3,3,3,3,3,3,3,3,3,17,3,17,3,3,20,20,3,3,20,3,20,3,20,3,20,3,3,20,3,20,20,20,17,7,20,20,20,20,3,6,4,54,3
4,6,20,35,17,36
35,5,6,3,6,4,36,20,6,3,31,11,3,20,6,17,37,6,17,3,3,7,15,12
19,43,4,35,3,36,31,11,40,56,64,9,42,29,3,17,20,6,65,3,11,66,3,35,11,3,36,11,4,54,3,35,11,3,36,11,3,35,11,3,36,11,33,7,3,3,3,6,3,3,44,11,67,68,20,7,3,7,12,3,3,7,8,29,20
20,20,3,35,3,6,3,6,4,36,19,3,31,11,67,67,3,6,3,17,7,3,11,3,8,29,3,68,7,26,29
19,17,4,31,3,17,11,40,3,7,70,29,4,6,25,7,11,35,4,36,44,3,6,3,6,20,3,7,3,7,26,9,27,28,29,20
4,31,33,15,7,31,33,17,6,25,7,3,7,20,7,26,9,27,28,29,22,7,65,71,72,70,29,7,11,4,31,19,43,6,20,7,40,69,11,3,6,25,7,3,7,8,9,73,9,74,75,4,7,76,29
4,31,3,6,37,7,19,20,7,69,11,3,7,3,7,3,13,8,29,25,7,31,3,6,3,7,26,9,27,28,29
19,20,44,3,35,3,6,3,6,4,3,6,3,6,4,36,7,20,32,29,6,31,3,6,22,7,70,29,7,11,4,31,77,3,6,3,7,3,13,20,15,8,29,25,7,11,78,3,7,4,7,19,3,7,20,32,29,20
77,37,11,4,31,3,7,69,20,3,54,3,3,6,3,3,7,70,29,4,54,55,4,54,55,13,19,3,7,3,7,8,29
55,3,31,3,7,11,3,7,5,7,20,21,22,7,4,7,8,11,66,3,6,3,6,3,3,7,35,19,3,7,65,71,81,9,196,186,36,13,64,29,22,7,4,7,58,29
66,4,31,20,7,20,32,11,35,3,6,3,6,4,36,7,3,7,31,41,84,3,15,7,85,11,35,3,3,36,13,35,64,29,3,17,36,15,6,5,16,3,7,85,58,9,11,22,6,17,7,3,2,17,6,3,7,8,11,3,31,35,5,6,3,6,4,36,7,8,29
20,3,31,37,7,67,6,47,3,13,26,29
47,3,31,37,11,55,7,104,29,15,6,4,54,3,20,6,3,17,35,3,6,3,17,3,6,3,17,36,7,3,7,8,9,42,29,25,11,4,6,3,7,3,7,58,29,22,13,50,39
3,31,35,20,20,36,6,20,17,4,54,47,6,20,44,11,3,6,3,3,4,54,3,7,20,34,28,29
3,7,3,7,86,9,42,29,4,31,63,13,65,71,31,20,7,69,11,2,20,7,8,9,63,7,20,34,28,29,7,11,65,17,6,3,6,3,7,60,3,31,37,7,31,26,9,42,84
20,20,17,7,20,20,20,20,35,5,6,3,6,4,36,3,3
35,5,6,3,6,4,36,31,11,20,6,35,3,6,3,36,13,19,3,54,3,6,3,3,7,11,2,3,7,3,7,58,29,20,13,69,11,3,7,71,7,41,28,29
20,31,47,3,29,7,11,3,17,31,8,20,3,31,37,4,3,7,86,9,24,35,37,19,3,6,20,20,31,56,89,29,36
19,25,11,4,31,3,7,90,25,6,3,17,7,21,22,7,53,29,6,7,12
66,11,3,7,20,32,29,63,7,3,3,6,20,7,3,7,12,13,40,3,7,3,9,91,29,25,11,4,31,47,3,13,20,6,25,7,20,6,20,7,8,11,3,3,7,37,20,32,3,3,7,92,93,9,120,57,26,29,20
20,6,3,31,3,7,20,32,9,24,4,44,3,7,70,29,7,11,66,3,7,20,34,28,29,35,5,6,3,6,4,36,31,5,7,8,9,95,11,17,15,7,65,71,11,17,7,31,65,71,11,17,7,31,65,71,7,58,29
4,31,3,7,20,32,29,3,17,35,19,25,7,31,4,3,54,3,3,3,13,11,20,6,4,54,3,3,6,3,47,54,3,3,17,7,42,29,36,7,3,7,8,29,15,7,57,11,3,6,20,7,33,31,3,6,20,7,8,29
4,31,37,6,3,7,6,20,7,3,32,9,30,11,19,25,7,31,35,4,36,7,35,96,3,97,3,36,13,58,29,35,3,36,3,7,37,35,20,36,35,63,36,35,63,36,15,7,38,28,9,24
35,63,36,31,11,19,17,6,71,6,3,6,3,6,25,35,66,3,6,12,3,36,7,35,4,36,7,98,29
35,96,8,42,29,20,36,44,20,32,29,35,63,36,31,3,6,3,7,70,29
20,35,3,6,4,36,19,35,5,6,3,6,4,36,6,20,44,11,4,54,4,6,3,31,11,17,6,17,7,57,41,39,75,7,26,29
3,7,8,29,4,31,35,4,36,6,3,7,20,32,37,11,3,7,35,3,6,3,6,4,3,6,3,6,4,36,6,20,7,37,29,20
19,3,31,17,6,3,7,20,11,37,6,4,6,20,43,35,3,36,15,6,17,7,65,71,7,8,29
3,6,35,4,36,6,3,31,101,99,22,57,17,7,8,42,11,47,3,31,4,7,20,32,29,17,15,7,11,35,5,6,3,6,4,36,7,65,71,25,11,20,6,3,35,3,6,3,6,4,36,31,65,71,25,7,20,32,9,24
17,11,35,5,6,3,6,4,36,6,3,7,12,35,3,6,3,6,4,36,6,20,3,7,20,34,28,29
4,7,35,4,36,6,3,7,53,9,11,3,7,17,13,26,29,20,3,7,53,100,6,7,31,84,72,13,8,29,22,7,11,4,31,20,44,11,3,3,13,26,9,42,29,4,7,20,7,8,9,3,7,8,29
17,7,31,4,3,6,3,7,3,17,7,20,34,28,29,35,3,6,4,3,6,4,36,7,20,34,28,29
19,3,7,31,66,63,3,7,3,6,37,6,3,7,20,7,58,9,24
60,61,62,3,17,7,20,60,61,20,12,43,11,4,31,3,6,3,7,20,25,6,3,6,3,7,20,7,8,9,26,9,42,29
66,11,33,7,3,7,8,29,3,3,7,11,17,6,3,7,69,9,12
23,29,4,31,11,3,3,7,8,9,11,3,3,7,8,11,5,16,22,7,3,6,3,7,23,9,12,19,3,7,2,37,7,8,9,20,21
23,29,3,31,11,3,7,26,9,42,29
4,31,11,66,17,6,3,13,99,22,7,53,84,15,6,19,3,7,99
19,3,7,31,5,16,3,7,69,11,33,7,76,29,4,31,40,57,12
66,11,37,31,3,7,3,7,8,9,11,53,57,26,9,103,35,78,3,3,3,7,8,9,36
66,11,4,31,11,5,16,3,7,99
66,11,33,7,99,13,11,37,31,3,7,56,69,42,9,103
4,31,26,9,85,104,11,19,5,6,3,7,17,7,3,7,99
4,31,11,3,3,7,58,9,105,29,3,6,3,7,77,57,12,7,11,3,7,41,28,9,3,6,26,29,3,7,69,106
33,7,3,7,37,44,11,5,16,3,17,7,107,7,26,9,108,35,78,3,3,6,3,36
4,13,3,17,31,11,3,7,69,11,3,7,60,25,7,35,3,36,20,44,11,3,7,23,9,40,102,20,7,109
66,11,4,31,3,7,76,7,11,77,33,7,3,13,3,7,12,6,72,7,58,9,103
19,20,44,11,4,31,11,18,3,6,3,6,20,20,7,42,9,103
66,11,19,3,7,3,31,3,31,99,13,23,29,3,17,31,11,8,26,9,103,35,78,3,3,13,2,3,20,36
65,17,7,26,29,4,6,22,7,3,3,7,26,9,91,9,11,4,7,3,13,20,32,9,3,6,17,7,18,7,110,39
66,11,4,31,11,3,7,8,9,76,7,111,11,19,3,7,77,3,7,56,69,11,3,6,25,7,26,9,103
3,3,31,11,35,3,6,4,36,7,64,9,4,7,112,61,13,21,7,11,20,7,12
37,11,3,3,17,31,11,17,6,25,7,3,7,8,29
19,3,7,3,7,57,34,39,3,7,26,29,25,11,4,31,77,57,26,9,17,7,8,39,75,7,12,35,78,3,3,3,7,3,6,4,7,18,7,60,36
4,31,11,3,17,13,19,3,7,8,9,11,3,7,26,29
66,11,3,6,3,7,19,3,7,109
3,31,11,5,16,3,7,4,7,3,58,29,101,11,3,6,25,7,81,9,56,11,20,17,7,81,9,57,99,13,8,9,12
4,31,11,3,7,77,15,69,20,32,9,17,6,113,34,7,12
66,11,19,17,7,8,11,33,7,12,25,7,57,12,22,6,3,7,12,35,78,3,3,6,20,36
19,17,31,3,3,6,17,7,69,11,17,6,37,7,31,3,13,3,6,3,7,26,29,3,7,20,17,6,20,7,64,9,24
17,6,25,7,31,11,3,7,23,29,5,16,3,3,11,77,13,3,7,109,20,17,11,33,7,3,3,7,42,29
20,17,31,11,20,6,3,7,20,13,40,11,3,7,22,7,99
4,31,11,3,3,7,3,7,92,39,7,11,17,6,3,7,99,13,33,31,3,7,26,9,3,7,8,9,115
4,7,3,7,23,9,115,13,11,3,3,7,3,3,7,20,32,11,4,7,37,3,13,3,17,6,17,7,116,3,7,8,29,3,11,35,50,84,3,36,120,117,35,3,6,84,3,36,7,58,9,99,35,78,3,3,13,3,36
37,3,6,17,6,37,7,118,13,11,33,7,31,37,3,11,3,17,11,3,7,3,7,104,9,11,12,22,6,84,3,17,7,23,9,24
3,17,31,11,20,32,29,4,7,3,6,84,3,20,7,8,13,11,3,7,3,20,7,8,9,37,37,7,26,9,119,29,44,20,7,32,13,21
66,11,4,31,11,97,5,7,109,33,7,20,7,120,69,11,3,7,121
66,11,37,7,3,6,23,29,3,7,26,29
26,9,24,13,11,4,7,3,7,122,29,3,7,99
66,11,4,31,11,3,7,3,7,20,32,11,17,6,3,7,64,9,11,37,31,19,3,7,12,22,7,99,35,78,3,64,29,3,17,36
8,29,17,31,96,3,7,11,33,7,31,3,6,8,29,3,7,3,6,20,7,32,9,24
33,7,3,6,47,13,3,17,7,3,13,3,7,64,9,99
3,182,6,3,31,11,3,17,7,3,20,7,32,29,101,11,4,7,3,3,3,7,20,21,75,60
66,11,19,3,3,31,11,3,6,3,7,3,11,3,6,3,7,3,11,3,6,3,7,8,29,3,7,64,9,24,9,11,77,7,52,20,7,12
33,7,11,3,3,7,3,7,3,15,104,9,20,32,11,3,17,7,20,21
66,11,3,7,3,6,3,3,7,60,25,7,31,11,3,3,31,77,3,7,58,9,24,35,78,3,3,3,6,3,3,36
122,29,3,3,31,11,77,72,5,7,11,4,7,65,72,7,109,71,7,11,20,7,58,9,99
3,31,11,3,3,7,41,28,11,3,7,123,61,13,21
66,11,20,17,7,77,13,3,20,7,32,9,102,9,11,40,20,17,7,42,57,26,9,103
3,31,11,4,7,20,3,6,20,7,23,9,108,75,7,20,32,11,3,7,20,7,34,39
4,31,11,20,3,6,3,20,44,11,33,7,3,6,3,124,29,25,7,64,9,42,29,3,6,20,44,92,39
66,11,19,20,31,11,4,6,3,3,44,5,16,3,7,26,9,24
66,11,3,7,31,57,18,114,11,3,7,31,57,8,114,15,7,12,35,78,3,20,3,6,20,36
66,11,3,7,3,7,76,29,9,11,37,31,3,6,20,7,21,22,7,12
20,3,13,3,31,11,4,7,35,3,6,3,36,6,3,7,20,32,11,17,7,8,9,20,32,9,24
40,3,6,3,7,99,3,7,8,9,91,29,9,11,3,31,11,3,7,64,9,24,20,3,7,86,9,73,9,11,4,7,3,6,3,7,8,9,125,35,78,3,3,6,3,36
3,6,37,7,50,28,9,24,3,7,31,11,3,6,3,7,3,6,3,7,76,29,3,7,20,34,28,9,30,11,20,3,6,3,3,7,3,3,6,47,17,6,37,7,19,3,7,99
4,31,11,3,17,6,3,17,7,26,9,3,7,20,21
66,11,37,7,3,6,3,7,5,7,56,69,37,9,24,22,7,99
3,7,31,11,3,44,3,17,11,3,3,6,20,17,7,92,28,11,23,9,3,6,3,44,4,6,3,7,126,39,35,78,3,33,7,3,7,76,29,54,36
4,31,11,65,31,41,84,13,20,21
66,11,47,17,31,5,16,3,44,20,34,28,29,3,7,20,32,9,11,33,7,3,6,3,6,3,44,99
4,31,11,3,6,8,29,3,7,20,32,37,11,40,35,33,17,15,11,3,6,3,6,22,7,54,36,13,127
66,11,3,17,31,40,26,9,4,7,12
4,7,23,9,3,7,99,13,11,71,6,37,11,4,31,11,3,7,3,6,3,7,3,7,32,9,3,6,3,7,8,9,24,22,7,14
3,7,3,7,53,9,42,29,22,7,23,29,4,31,11,3,7,3,6,20,7,26,9,27,28,29,101,7,11,26,9,125
65,17,26,29,3,31,11,4,6,37,7,3,7,99
3,3,17,7,20,3,20,5,31,35,5,6,3,6,4,6,3,5,6,3,6,4,6,3,36,7,20,20,3,3,20,3,17,3,7,20,21,5,16,3,6,33,72,31,11,3,71,7,99,3,3,44,20,34,28,29,22,7,12
4,7,3,7,8,29,101,7,35,3,6,84,3,36,13,26,9,99,3,3,3,3,31,11,35,3,3,128,7,77,109,36,44,11,37,31,40,41,28,9,42,29,3,6,20,17,7,22,7,26,9,24
78,3,7,35,64,29,3,17,36,7,23,9,24,3,17,3,17,11,37,3,37,3,31,11,40,35,3,17,6,75,7,3,7,64,9,24,36,35,36,35,37,6,4,6,75,7,3,7,64,9,24,36,44,11,40,37,31,3,97,7,70,29,3,6,20,17,7,22,7,4,7,20,32,29,3,7,12
78,3,11,78,3,7,20,21,20,3,5,6,3,6,4,6,3,20,3,31,11,35,20,3,3,36,35,36,44,3,7,41,28,9,24
33,31,3,6,3,7,3,3,6,3,7,64,29,3,7,11,66,35,3,3,7,53,29,3,36,6,22,29,7,11,33,7,35,20,3,36,6,35,3,36,13,58,29,3,3,7,26,9,24
77,31,3,17,6,3,7,70,29,3,71,7,31,11,19,3,44,4,13,4,54,3,6,3,6,3,7,20,21,3,13,20,7,12
78,3,7,50,39,3,31,11,19,3,3,7,41,28,29,4,17,6,3,7,6,3,7,58,9,30,11,33,7,20,21,3,6,3,3,3,3,31,4,35,3,36,11,3,3,35,31,3,11,3,3,31,3,11,3,3,3,31,3,7,37,20,32,9,24
3,65,3,31,66,11,69,3,5,6,3,6,4,6,3,6,3,6,25,6,17,6,19,3,44,31,92,28,9,24
37,7,31,11,3,3,5,6,3,6,4,3,3,31,3,17,6,3,6,3,7,70,29,47,54,3,3,11,35,3,20,36,7,20,21,3,3,31,3,17,6,3,3,3,11,20,3,6,3,20,7,20,34,39,3,6,3,3,31,11,3,17,6,3,3,3,7,70,29,4,54,3,7,37,3,7,32,9,24,15,11,20,3,17,7,5,16,20,7,92,28,9,24
3,13,3,3,13,3,17,7,20,3,13,3,20,3,3,7,20,34,28,9,24,3,13,3,6,37,31,11,37,40,41,28,9,42,29,20,3,13,20,17,6,3,7,26,9,30,11,17,7,26,9,24,3,31,37,6,3,7,23,9,37,7,31,41,28,9,24
25,40,3,6,84,22,31,3,7,60
35,3,17,6,3,7,54,36,54,3,7,53,28,9,24,20,3
37,44,11,19,3,20,6,3,13,26,29,3,6,3,3,13,11,66,17,3,7,20,7,38,28,29,3,7,76,7,24
35,19,3,6,11,40,54,36,54,78,3,7,11,20,3,7,20,129,61,13,32,29,4,7,77,72,53,9,41,61,61,9,103,11,19,3,7,3,7,99,3,7,23,29,3
4,7,20,129,61,13,32,29,6,31,11,5,16,20,17,3,3,35,6,11,37,66,40,41,28,9,42,29,3,35,5,13,20,3,7,64,9,36,7,69,11,35,19,3,6,36,31,19,20,3,6,3,7,26,9,24
3,31,3,6,5,16,3,7,8,9,3,7,20,21,3
35,3,7,3,7,64,29,11,54,36,54,78,3,7,11,4,7,50,28,29,3,7,11,3,7,3,13,3,7,109,75,7,26,29,3,44,20,21,3
3,6,3,7,26,9,30,11,19,3,31,3,7,3,6,3,6,75,7,26,9,20,34,28,9,24
3,31,11,12,3,7,3,6,3,7,11,77,20,21,13,18,8,28,11,3,17,31,3,31,3,7,20,32,9,3,7,12,13,92,39,44,5,16,22,7,11,3,31,20,32,84
4,31,3,6,3,7,11,2,3,7,26,9,77,3,3,7,57,26,9,125,3,6,3,7,3,7,53,29,44,20,7,23,29,22,7,69,11,33,7,19,3,6,20,6,22,7,26,9,24
20,3,35,3,6,3,6,4,36,7,31,11,19,3,31,3,13,3,7,86,9,3,6,3,6,3,17,7,58,9,103,44,11,40,20,6,3,7,64,29,3,6,22,7,70,29
20,35,40,17,131,61,11,4,3
54,36,35,40,17,131,61,11,4,3,11,54,36,54,78,3,7,11,3,7,92,28,9,20,3,7,20,129,61,13,32,29,4,7,26,9,41,61,61,9,103,3,7,11,3,3,6,3,44,20,34,28,9,24,9,3
3,7,58,29,4,3,7,11,7,31,41,132,3,13,20,44,3,97,16,3,3,7,99,9,11,19,3,7,3,7,50,28,9,33,7,99,44,22
4,7,20,129,61,13,32,29,6,31,11,19,3,7,12,3,6,20,3,35,8,29,3,6,3,11,33,31,40,32,9,8,28,29,72,36,7,69,11,35,4,3,36,31,19,3,7,26,9,24
3,31,11,4,3,7,3,6,5,7,5,16,20,6,3,7,3,7,50,28,9,11,2,25,6,3,2,20,20,6,5,34,7,12,13,99,44,22
35,3,16,3,31,133,11,54,36,54,78,3,7,3,3,7,3,7,6,20,3,44,109,11,3,16,3,7,57,109,75,7,99,3,6,3
17,7,26,9,24,6,31,35,56,134,36,44,11,5,16,17,7,96,3,7,99,22,6,5,34,7,14,3,97,16,3,7,11,37,31,5,7,40,41,28,9,42,29,20,3,7,70,29
19,3,6,3,31,20,32,9,94,132,11,3,6,3,3,11,43,8,6,4,54,3,3,15,7,70,29,7,11,17,7,26,9,11,35,54,36,13,20,34,28,29,19,3,7,17,6,3,7,20,34,28,9,42,29,22,7,69,11,37,7,31,3,3,7,5,13,26,9,24
35,40,12,11,52,3,6,3,54,36,54,78,3,7,3,17,7,4,7,20,21,11,3,6,75,7,3,7,127,3,6,22,7,64,29,3
3,17,31,11,33,7,3,17,7,64,29,25,3,6,3,7,64,9,3,7,20,34,28,29,13,20,21
19,3,31,37,15,40,41,28,9,24,3,35,40,3,40,3,36,6,3,7,12
19,3,31,3,6,43,6,3,7,3,7,32,9,11,3,37,7,4,54,47,7,26,29,3,35,36,7,69,11,3,6,3,7,31,53,39
66,4,6,55,6,3,6,3,3,7,35,3,36,13,3,34,39,11,5,16,20,7,21,22,7,41,28,9,42,29,55,44,3,7,30,11,19,3,31,33,6,20,44,20,7,26,9,24,135
35,77,57,53,84,72,11,54,36,54,78,3,7,35,3,6,3,36,7,20,32,9,20,3,7,109,3,7,11,3,3,7,3,7,3,6,20,7,109,44,3
19,3,31,20,17,6,3,31,77,69,136,61
3,6,20,13,52,3,17,7,6,20,7,38,28,137
3,20,32,84,3,35,3,17,36,44,11,2,3,6,3,7,8,29,35,3,13,3,36,44,3,6,3,7,26,29,22,7,26,9,24
3,31,3,7,3,7,3,3,6,3,7,118,75,109,44,22
20,35,3,7,26,9,24,54,36,35,3,7,26,9,24,54,36,54,78,3,7,11,4,7,20,3,13,3,7,92,28,9,11,3,7,31,22,7,41,132,7,8,9,103,3
4,7,20,129,61,13,32,29,6,31,20,6,3,44,11,5,7,99,20,3,35,3,36,35,7,69,11,3,31,3,16,17,6,96,20,7,76,29,22,7,12,7,11,4,31,33,7,3,7,3,7,8,13,11,3,13,3,7,3,7,64,13,21,22,6,41,84,3,7,32,9,103
35,3,3,6,3,36,35,54,78,3,6,69,7,20,3,7,109,11,40,3,3,3,7,99,3
17,7,26,9,24,6,31,11,3,6,96,3,7,99,4,54,3,20,20,6,20,17,35,37,6,3,11,138,3,36,7,12
4,6,3,6,3,7,11,3,3,7,19,3,7,64,9,139,29,13,12
35,3,6,3,3,6,3,36,54,78,3,6,3,6,3,7,11,20,3,6,3,3,7,3,6,3,6,3,44,99,3
33,31,3,6,35,3,54,3,36,7,20,34,28,9,42,29,3,7,12,3,6,3,6,3,7,3,7,8,132,7,20,32,29,22,7,11,4,7,20,32,29,22,7,5,7,69,3,6,3,7,53,39,22,7,26,29
20,3,31,3,6,3,7,26,29,3,7,3,6,3,7,76,29,44,22,7,11,22,6,3,7,31,3,6,3,7,3,11,3,11,3,13,23,9,115
35,33,31,33,6,25,7,64,9,54,36,54,78,3,7,3,3,7,3,6,3,6,3,44,99,11,5,16,20,3,6,25,7,40,20,5,16,3,3
3,6,47,31,19,3,7,8,9,3,6,3,7,40,123,61,13,21
33,31,4,7,17,7,35,67,54,3,54,55,36,7,20,32,29,3,6,3,3,7,3,20,32,9,20,32,29,22,7,12
20,37,6,3,6,3,6,3,31,11,4,54,3,44,3,97,16,20,17,35,4,54,63,36,6,78,3,7,8,9,24,7,11,3,6,19,17,31,4,44,3,6,3,7,3,7,99,3,7,64,29,22,7,70,29
3,3,17,7,20,3,20,5,31,35,5,6,3,6,4,6,3,5,6,3,6,4,6,3,36,7,20,20,3,44,3,35,17,36,31,11,63,6,66,66,3,7,2
4,54,63,7,3,7,53,29,35,5,6,3,6,4,36,13,3,35,3,6,3,6,4,36,31,11,3,13,19,3,7,5,7,40,64,29,3,44,41,28,9,30,11,3,17,44,3,6,5,17,7,58,29,22,44,20,34,28,9,24
3,6,3,7,3,4,7,35,3,31,20,31,84,3,15,11,33,7,2,61,131,61,36,13,12,75,7,11,3,6,4,31,3,7,5,8,32,9,30,11,20,3,35,3,6,3,6,4,36,7,35,5,6,3,6,4,36,44,20,21,25,11,3,6,3,6,3,7,20,7,8,9,3,6,3,7,12,63,7,20,32,29
66,37,7,31,11,20,3,7,53,28,29,4,44,3,44,31,11,3,16,3,44,19,5,16,3,7,40,3,7,8,9,24,44,20,31,12
35,4,36,6,3,31,11,37,43,6,20,17,44,3,97,7,70,29,47,3,35,3,3,31,115,3,11,3,7,3,17,44,5,7,3,7,32,29,22,7,99,3,17,3,17,36,7,41,28,9,30,11,19,3,7,66,3,7,8,9,42,29,20,17,6,3,31,77,69,136,61
3,6,20,13,52,3,17,7,6,20,7,38,28,137
3,3,20,32,84,3,3,35,3,17,36,7,141,17,7,20,32,29
4,31,63,6,3,44,5,16,20,7,18,33,7,77,34,28,29,7,11,66,35,4,36,6,17,3,7,37,7,20,7,26,29,25,7,63,7,20,7,26,13,11,20,6,75,7,3,3,6,20,3,44,63,6,3,7,8,9,20,21,15,11,63,6,20,44,20,7,86,9,58,9,42,29,22,31,12
3,4,6,3,44,31,11,4,13,63,6,17,7,65,71,31,20,7,8,11,37,44,3,6,52,3,3,7,70,29,4,54,3,7,31,53,132,11,17,7,104,29,3,6,3,7,21,22,7,53,28,29,135
19,3,6,4,44,31,11,4,6,20,7,55,44,3,6,3,7,3,7,50,28,29,13,40,50,28,9,91,29,7,11,4,7,19,3,7,20,32,29,3,7,40,63,7,17,6,3,7,8,9,24,22,15,7,32,9,11,77,20,17,6,12,3,7,31,84,13,8,39
4,7,5,16,20,7,53,9,24,63,6,3,31,3,13,5,16,22,13,8,28,9,24,7,11,17,7,43,7,3,6,20,17,7,8,9,37,11,4,54,55,11,4,54,47,4,54,47,11,3,20,32,84,55,11,3,20,32,84,55,11,3,11,3,11,3,20,32,84,55,11,55,3,4,55,3,4,11,47,4,47,4,15,11,3,6,5,16,3,3,7,4,6,3,6,5,16,3,7,8,11,5,6,20,7,63,6,20,7,20,32,42,9,24
20,54,20,20,54,20,17,7,20,20,54,20,20,35,5,6,3,6,4,36,13,19,3,35,3,6,3,6,4,36,31,11,33,15,6,5,16,20,3,7,58,11,3,3,6,96,3,7,23,29,3,44,20,34,28,9,24
63,63,97,16,3,6,2,43,7,31,11,3,6,25,6,3,31,70,9,31,33,31,3,7,3,7,8,39,25,11,20,3,13,3,7,53,99,25,6,22,7,69,11,37,11,19,3,44,35,20,36,7,17,7,38,84,3,31,5,7,70,29
3,3,6,3,31,17,7,26,29,22,7,37,11,40,52,5,7,53,28,11,66,3,17,6,17,7,20,21,22,44,3,7,69,97,7,26,29
33,44,3,31,77,20,6,3,7,69,11,5,16,11,3,31,3,31,84,20,13,92,28,11,3,6,25,7,31,3,31,40,3,13,3,11,3,13,3,7,32,9,27,28,9,42,29
19,25,7,70,9,11,20,7,37,38,132,11,5,7,3,7,113,99,25,7,27,28,29,35,4,36,6,20,31,5,16,22,7,70,29
4,31,3,7,12,3,7,77,3,13,5,16,20,44,18,11,19,3,31,33,15,6,3,17,6,3,7,3,11,2,52,3,6,3,13,3,7,31,96,3,7,11,69,142,20,3,6,3,7,90,22,44,20,57,20,32,29
3,7,20,34,39,3,3,11,3,11,3,6,3,31,66,11,3,6,3,3,6,3,7,60,6,7,19,3,7,64,9,24
19,3,3,31,5,7,3,44,3,7,113,99,25,7,11,37,40,41,28,9,42,29,20,3,7,3,13,20,6,58,44,96,3,7,53,28,11,3,20,7,12,20,3,31,19,22,44,31,20,7,58,9,24,3,3,6,20,44,92,28,11,3,20,6,3,3,31,20,3,6,12,3,6,3,44,20,34,39
19,3,31,66,11,4,3,7,3,3,7,8,29,3,6,20,7,31,12,7,11,4,6,3,31,20,6,3,7,8,9,11,25,7,3,20,6,2,3,7,15,14
20,4,3,44,11,4,7,5,59,32,9,3,7,53,39,3,6,3
3,7,53,28,29,3,7,50,39
3,6,4,6,3,31,3,3,6,3,7,12,3,7,14,22,6,53,84,3,44,3,13,32,29,20,7,8,9,30,11,3,3,3,44,31,52,7,3,7,53,84,15,52,3,6,20,20,6,3,13,34,28,9,91,29
3,6,3,3,44,3,6,4,3,7,5,7,53,28,9,3,13,53,28,11,4,15,7,57,4,54,3,6,3,31,27,28,9,24
19,3,97,54,3,97,20,6,25,7,11,4,6,3,31,3,7,3,17,6,3,20,3,20,6,3,7,31,34,28,29
19,20,44,31,11,40,3,7,3,37,3,37,3,6,17,3,7,20,34,28,29,3,6,5,20,6,20,13,92,28,11,66,3,6,20,7,31,11,4,7,8,9,115,2,3,13,3,11,33,7,99,3,13,3,11,33,7,26,9,24,3,31,33,31,3,6,3,13,3,6,20,7,69,11,57,99,3,31,3,17,6,20,13,92,28,29
66,19,2,3,7,3,7,12,13,143,9,11,3,6,3,31,3,7,58,11,66,56,26,9,3,6,75,7,3,7,53,39,4,31,35,20,6,3,3,36,6,3,7,58,9,24,6,15,53,84
66,19,20,31,11,3,6,3,97,16,3,6,65,71,7,60,22,31,12,9,11,40,40,3,6,3,7,69,144,22,7,31,84,32,11,66,40,3,6,37,97,16,20,7,12,22,7,31,84
35,4,36,6,20,17,3,31,11,4,6,3,31,35,35,19,5,16,20,3,13,5,7,36,36,19,20,97,20,6,3,7,15,5,7,99,22,7,99,44,11,19,3,97,54,20,97,16,20,7,3,6,20,7,20,32,9,24
20,20,17,7,20,20,20,20,3,6,20,6,3
4,54,3,35,36,35,17,36,3,6,20,44,11,35,5,6,3,6,4,36,13,3,35,3,6,3,6,4,36,31,20,37,7,3,37,6,20,71,7,60,22,7,26,29
66,3,25,6,22,7,31,11,4,54,55,4,54,55,35,52,3,180,36,35,17,36,11,3,35,3,3,36,35,17,36,11,63,3,35,109,3,36,35,17,36,11,4,54,4,54,3,35,20,6,3,6,3,36,35,17,36,11,4,54,47,35,3,7,145,36,35,17,36,15,6,20,7,12
4,7,23,29,19,3,31,3,7,26,9,37,31,146,28,11,4,54,3,4,54,3,35,3,6,3,36,35,17,36,11,3,35,3,5,7,26,29,3,7,6,3,36,35,17,36,11,4,54,3,35,3,6,20,36,35,17,36,11,3,35,33,15,147,9,3,6,37,36,35,17,36,11,3,35,3,6,3,6,4,36,35,17,36,15,11,3,7,12,15,35,4,36,7,20,34,28,29,3,54,63,7,40,41,28,9,24
35,36,35,17,36,6,3,3,7,81,9,11,35,4,36,6,20,13,3,31,17,7,17,6,17,15,7,40,37,7,98,7,24,44
19,20,31,3,3,54,63,6,3,7,41,132,11,3,7,31,3,35,3,17,6,3,17,6,20,36,13,4,54,47,4,54,47,35,5,16,3,6,3,36,15,6,35,4,36,7,3,13,32,29,3,7,27,28,35,43,6,20,3,7,31,47,4,3,47,4,3,44,11,35,5,6,3,6,4,36,7,20,21,3,7,121,3,31,24,20,36,11,66,6,3,7,31,3,35,3,3,4,36,13,3,35,36,15,7,35,4,36,6,3,3,7,20,34,28,9,24,37,11,3,3,3,3,6,3,35,3,3,36,3,7,31,35,4,36,7,6,5,16,20,7,12
33,37,6,3,13,3,11,3,3,15,11,35,4,36,6,3,13,3,7,3,7,8,29,3,31,2,35,20,3,20,3,31,20,36
20,47,6,35,63,36,7,31,35,4,36,7,77,20,34,39
35,4,36,7,5,16,20,7,8,29,3,6,3,6,65,17,7,3,7,24
47,31,4,13,5,7,3,20,7,20,32,29,3,7,69,3,17,3,17,6,3,7,70,29,7,11,33,7,35,4,36,7,76,29,37,31,57,11,3,6,3,35,63,36,7,26,9,42,29,17,7,26,9,26,13,40,76,29,44
66,19,17,37,11,35,4,36,66,4,54,4,7,8,29,3,7,20,25,6,35,63,36,7,76,7,30,11,37,3,7,31,20,97,16,20,7,8,35,4,36,11,4,44,3,13,20,7,40,50,28,9,24
66,25,6,75,16,3,31,11,3,7,8,20,17,7,8,29,5,16,3,7,12,44,11,19,35,3,36,7,64,29,3,7,3,7,13,20,34,39,3,17,44,6,3,7,6,11,4,7,6,20,6,8,15,20,21,22,7,99
35,35,5,6,3,31,3,7,50,28,9,119,29,9
50,28,11,50,28,11,33,31,3,7,26,9,119,29,54,3,44,99,3,11,3,6,20,3,31,33,6,22
36,35,47,4,17,36,36,40,3,7,3,20,7,99,22,7,76,29,3,31,35,4,36,6,20,17,7,69,11,77,2,25,7,43,17,7,6,20,7,3,35,3,6,17,36,7,20,32,9,24
52,3,17,17,7,64,29,3,6,20,71,35,4,4,36,7,31,3,7,3,31,20,34,39,25,7,4,6,3,31,37,92,28,9,42,84,7,11,20,7,81,9,35,65,72,12,25,7,69,36,3,7,4,6,3,7,3,13,32,29,3,3,15,7,40,99,22,7,53,89,29,44
3,7,31,35,3,6,3,6,4,36,13,40,3,7,3,7,32,29,3,35,3,36,11,35,5,6,3,6,4,36,13,40,3,7,3,7,32,29,3,35,3,11,3,11,3,36,31,69,11,3,6,35,3,7,6,3,36,6,3,31,35,5,6,3,6,4,36,6,33,13,20,32,9,24,13,31,40,50,28,9,24
20,4,6,3,3,6,3,54,3,3,7,31,11,35,5,6,3,6,4,36,6,3,7,58,29,3,7,50,28,9,24
3,25,11,35,4,36,31,3,6,3,6,3,7,31,26,29
4,54,47,4,4,54,47,4,6,35,3,13,31,65,72,36,35,17,36,7,31,3,6,3,97,3,44,4,6,3,7,8,28,9,30,11,47,4,31,17,7,31,35,2,3,3,36,7,35,5,6,3,6,4,36,6,78,3,7,20,32,9,24
3,31,17,101,11,3,6,8,44,35,3,6,3,6,4,36,78,3,6,20,7,3,9,24
17,7,31,3,7,4,6,3,3,35,3,3,3,3,36,6,3,17,7,3,7,99,25,7,11,3,31,3,6,3,6,3,35,53,28,150,3,36,6,37,44,35,5,6,3,6,4,36,7,85,11,17,7,31,3,7,11,17,7,31,3,7,3,3,7,35,5,6,3,6,4,36,6,3,7,20,32,9,24
3,6,3,7,31,3,3,3,54,3,7,35,4,36,7,3,13,32,29,3,7,33,72,26,9,24,37,11,47,54,3,6,20,17,6,37,35,63,36,15,3,3,44,31,35,4,36,31,40,20,34,39,35,3,3,7,20,36
3,6,3,13,3,7,17,7,99,3,31,77,50,28,9,30,11,33,31,4,7,20,32,29,3,11,3,11,3,15,7,31,20,34,28,9,24
19,37,63,6,3,7,22,7,32,29,4,54,3,15,7,37,31,37,20,34,28,9,30,11,67,6,3,7,37,44,3,7,4,54,3,6,3,17,7,12
35,4,36,6,3,13,19,3,17,31,66,11,3,44,27,28,84,3,7,31,26,9,24
20,20,17,7,20,20,20,20,3,6,43,17,17,35,17,36,35,5,6,3,6,4,36,6,3,6,3,17,17,31,17,3,11,3,7,17,101,7,20,34,28,29,43,17,3,17,7,11,44,3,44,22,7,12
52,3,7,31,55,6,17,44,3,3,17,7,20,34,28,9,24
33,31,20,31,67,6,47,3,29,7,11,20,20,31,43,11,43,7,37,50,28,29
19,3,17,13,3,6,20,7,31,4,3,7,26,9,30,11,3,6,3,7,3,20,11,20,3,13,3,15,2,20,7,47,3,7,8,9,24
20,6,20,3,7,66,4,6,20,44,22,7,11,4,31,3,6,20,7,17,101,6,3,7,31,43,17,66,3,7,20,21,8,7,23,29,7,11,3,7,20,21,3,6,3,13,3,7,20,32,29,3,3,54,3,15,6,25,7,11,37,31,35,20,5,36,29,13,20,32,9,42,29
66,4,6,37,6,20,7,41,132,11,35,4,36,31,3,7,23,9,43,17,43,17,11,43,17,43,17,11,43,17,43,17,11,43,17,43,17,11,43,17,43,17,7,40,20,34,28,3,25,7,26,9,105,29
4,54,4,3,6,4,54,3,7,3,29,17,6,20,7,81,9,11,35,5,6,3,6,4,36,13,3,35,3,6,3,6,4,36,7,20,34,28,29,3,6,3,31,11,77,7,92,28,54,19,3,44,20,3,7,12,22,7,20,143,9,11,3,17,13,52,20,6,22,11,3,13,20,3,44,22,15,31,152,9,7,66,11,65,17,6,3,6,20,44,31,37,7,12
3,17,3,17,17,7,20,3,17,20,43,7,6,35,5,6,3,6,4,36,6,3,17,31,11,40,4,35,47,4,47,4,36,17,6,35,4,3,36,7,11,37,35,63,63,17,36,7,37,44,35,3,6,3,36,17,7,20,34,28,29,22,7,12
66,37,35,63,17,36,7,47,4,47,4,17,44,35,3,6,3,6,4,36,6,20,35,20,54,3,7,2,36,7,35,3,3,36,44,35,3,3,36,7,20,34,28,9,30,11,26,9,24,25,7,31,3,6,17,6,22,7,154,29,22,7,12
35,4,3,36,31,3,6,20,7,11,3,6,3,7,35,5,6,3,6,4,36,6,5,16,17,11,37,31,4,6,20,7,26,9,24
101,8,9,5,16,3,7,52,4,3,6,17,7,8,9,24,7,11,3,6,20,31,3,6,3,13,3,3,6,20,7,31,11,3,6,3,34,7,43,6,3,7,64,29,3,7,32,9,99,22,7,3,7,27,28,11,66,37,6,3,44,40,20,7,2,20,7,50,28,29
3,6,3,31,35,4,35,4,36,156,36,35,47,4,17,11,63,17,36,35,17,156,36,35,47,52,37,20,32,84,3,47,52,37,17,35,17,156,6,3,36,11,63,17,36,35,4,156,36,35,47,4,20,32,84,3,47,4,17,35,3,6,3,36,11,63,17,36,35,4,156,36,35,55,4,55,65,65,17,35,3,3,69,36,11,63,63,17,36,35,4,156,36,35,47,4,47,4,17,35,3,6,3,36,11,63,17,36,15,6,75,7,43,17,6,3,7,53,28,9,24,22,7,2
37,35,63,17,36,7,31,11,47,4,47,4,7,35,5,6,3,78,37,4,6,3,11,78,65,71,3,6,41,36,44,11,35,3,6,3,6,4,36,13,8,29,3,97,16,17,7,20,32,9,24
37,35,63,63,17,36,3,7,31,47,4,47,4,13,47,4,47,4,6,3,17,44,35,5,6,3,6,4,36,6,17,35,4,3,36,7,20,34,28,9,24
33,31,47,6,20,6,17,7,8,9,30,11,52,3,7,20,32,29,47,6,3,7,107,7,47,7,20,34,28,9,20,32,29,22,7,12
3,7,35,5,6,3,6,4,36,7,40,8,28,29,6,31,11,40,37,35,63,17,36,7,35,3,3,3,3,3,36,6,3,44,92,28,29,67,3,3,20,32,84,3,67,3,3,3,44,3,6,20,17,17,6,17,7,69,11,3,44,31,37,35,63,17,36,7,17,6,3,3,7,20,34,28,29,47,4,20,32,84,3,47,4,17,6,22,7,3,13,50,39
101,77,35,5,6,3,6,36,13,35,5,16,3,6,36,7,20,32,29,3,35,5,6,3,6,4,36,7,20,21,75,7,26,29
3,101,31,47,4,47,4,11,47,4,47,4,11,47,4,47,4,11,47,4,47,4,11,47,4,47,4,11,47,4,47,4,11,47,4,47,4,11,47,4,47,4,11,47,4,52,47,4,52,37,37,6,3,7,20,7,8,9,24
52,4,3,6,3,17,31,20,6,75,16,20,7,2,22,13,20,15,31,8,9,11,17,3,7,71,37,7,20,32,9,30,11,37,31,3,13,3,13,7,5,7,8,29,37,6,35,4,36,7,3,7,98,7,24
77,3,3,7,31,3,20,17,44,37,6,17,13,11,19,3,7,20,21
20,20,17,7,20,20,20,3,59,3,59,17,7,20,3,59,20,4,31,35,5,6,3,6,4,36,7,3,3,7,32,100,44,3,7,40,23,9,30,11,19,25,6,5,16,3,7,37,6,3,7,8,9,42,29
66,77,20,7,31,41,132,11,37,11,3,3,6,20,17,6,3,31,77,69,136,61
3,6,20,13,52,3,17,7,6,20,7,38,28,137
3,20,32,84,3,35,3,17,36,6,20,7,99,22,44,40,3,59,7,20,32,29
33,31,20,17,6,3,31,77,69,136,61
3,6,20,13,52,3,17,7,6,20,7,38,28,137
3,20,32,84,3,35,3,17,36,6,3,44,3,3,35,3,3,36,7,11,47,31,71,26,9,3,7,85,11,37,7,4,7,104,29,5,16,3,6,33,72,31,20,32,9,24
20,7,3,7,20,34,28,29,6,31,4,6,20,44,22,7,12
3,35,5,6,3,6,4,54,3,17,6,25,6,3,6,3,36,31,3,11,67,6,20,17,6,3,31,77,69,136,61
3,6,20,13,52,3,17,7,6,20,7,38,28,137
3,54,3,54,67,3,20,32,84,3,3,54,3,54,67,3,35,3,17,36,7,20,34,28,9,3,7,58,11,101,17,44,3,3,6,5,3,44,20,7,42,28,29
4,6,37,7,31,11,3,3,11,3,3,11,3,3,11,63,15,3,3,44,5,16,3,7,3,59,7,50,28,9,24
3,59,3,59,17,7,20,3,59,20,5,31,35,5,6,3,6,4,6,3,3,5,6,3,6,4,6,3,3,36,7,20,35,5,6,3,6,4,36,31,3,6,37,7,40,3,59,34,28,9,37,11,17,25,44,3,59,6,3,7,42,28,9,24
3,6,3,59,31,37,11,20,17,6,3,31,77,69,136,61
3,6,20,13,52,3,17,7,6,20,7,38,28,137
3,20,32,84,3,35,3,17,36,20,11,20,17,6,3,31,77,69,136,61
3,6,20,13,52,3,17,7,6,20,7,38,28,137
3,54,47,20,32,84,3,35,3,17,36,20,44,43,3,35,5,6,3,6,4,36,7,11,3,6,75,7,20,7,12,17,15,6,3,3,7,70,29
37,7,31,3,20,32,84,3,3,20,44,3,6,3,35,17,36,7,41,28,9,30,11,19,3,7,31,3,7,18,63,6,3,7,5,7,20,32,9,24
37,7,31,20,17,6,3,31,77,69,136,61
3,6,20,13,52,3,17,7,6,20,7,38,28,137
3,20,32,84,3,35,3,17,36,20,44,3,97,16,3,3,3,7,41,28,29
37,6,47,47,44,3,3,35,3,6,3,6,4,3,6,3,6,4,36,31,11,20,37,31,40,2,20,7,8,28,89,29,9,11,2,3,7,8,29,4,6,20,31,37,6,3,20,7,19,20,7,53,9,24
4,54,3,20,44,11,3,6,3,7,20,32,9,41,28,29,37,6,20,3,35,4,54,3,3,4,54,3,36,31,11,47,3,6,20,7,8,29,37,17,6,3,7,26,29,22,7,12
20,17,6,3,31,77,69,136,61
3,6,20,13,52,3,17,7,6,20,7,38,28,137
4,54,3,20,32,84,3,4,54,3,35,3,17,36,20,44,37,6,35,5,6,3,6,4,17,6,3,5,6,3,6,4,36,101,31,11,19,3,7,8,9,3,3,7,8,29,3,3,6,3,7,5,7,26,9,24
37,31,3,6,37,13,8,9,3,3,7,20,32,29,35,3,55,20,32,84,3,36,35,17,36,11,5,6,3,7,3,6,5,16,3,7,20,32,29,4,54,55,44,3,3,3,3,35,4,17,6,3,4,36,35,17,36,15,7,12
3,59,3,59,17,7,20,3,59,20,3,6,3,7,64,29,3,59,7,31,25,6,75,16,22,7,12,35,3,3,17,31,101,3,36
47,4,35,5,6,3,6,4,36,35,3,3,3,11,17,36,35,3,3,3,36,3,6
20,20,20,17,44,3,97,16,3,59,7,11,63,6,3,7,8,29,3,7,41,28,9,24
20,17,13,3,17,7,20,34,28,9,24
20,6,4,54,3,54,31,3,3,6,43,17,43,17,3,17,7,11,43,6,3,7,2,3,7,27,28,9,24
47,3,47,3,35,36,35,55,3,55,3,11,17,36,5,3,6,3,3
29,3,4,29,3,4,35,5,6,3,6,4,36,35,55,11,17,36,35,3,7,3,7,54,36,3,6,3,7,11,3,3,17,6,3,7,27,28,9,24
47,4,47,4,35,3,17,4,54,3,36,35,55,55,11,17,11,3,36,3,3,7,31,57,11,17,6,20,3,35,4,54,3,36,7,3,59,32,29,22
35,3,3,36,20
3,59,3,59,17,7,20,3,59,20,3,6,3,7,64,29,3,31,25,6,3
3,54,47,4,47,4,11,3,54,47,4,47,4,35,3,6,3,6,4,36,35,55,55,11,3,36,35,3,3,63,36,44,20
3,54,47,4,35,3,6,3,6,4,36,35,55,11,3,36,35,142,3,13,3,6,3,3,28,83,3,3,3,36,44,20
3,54,47,4,11,3,54,34,3,4,35,3,6,3,6,4,36,35,55,55,11,3,36,35,3,3,3,3,36,44,20
3,54,40,6,3,83,11,3,54,3,158,105,3,35,3,6,3,6,4,36,35,55,55,11,3,36,35,36,44,20
3,54,67,4,67,4,11,3,54,161,141,32,160,161,141,32,160,35,3,6,3,6,4,36,35,55,11,3,36,35,3,3,3,36,44,3,35,3,3,3,36,7,20
20,35,3,54,3,31,29,4,11,4,54,47,4,47,4,11,20,54,47,4,47,4,36,20
17,54,91,29,4,11,3,54,63,54,47,35,3,6,3,6,4,36,35,52,43,3,11,3,36,3,3,3,3,35,10,3,13,3,36,44,20
20,3,20,3,17,7,20,20,3,20,25,7,31,35,5,6,3,6,4,36,7,3,44,41,28,29,37,6,20,7,99
3,44,35,4,36,7,3,37,44,5,16,3,13,26,9,24,22,7,25,11,3,7,20,13,20,7,12,7,53,84,22,11,3,15,6,3,15,31,14
3,3,15,44,31,3,5,6,3,6,4,6,3,3,5,6,3,6,4,6,3,3,3,15,31,20
3,3,17,7,20,3,20,3,35,20,17,6,3,31,77,69,136,61
3,6,20,13,52,3,17,7,6,20,7,38,28,137
20,32,84,3,35,3,17,36,36,35,17,36,43,6,3
43,17,6,3,4,54,47,7,11,3,7,76,29,52,3,6,35,5,6,3,36,6,25,7,10,11,4,6,35,4,36,7,20,32,29,5,16,3,17,13,109,44,22
4,3,17,4,35,20,17,6,3,31,77,69,136,61
3,6,20,13,52,3,17,7,6,20,7,38,28,137
67,54,4,20,32,84,3,67,54,4,35,3,17,36,36,35,17,36,4,6,20,17
35,4,36,6,3,17,7,8,9,37,6,43,6,3,17,7,20,32,29,22
4,54,3,35,20,17,6,3,31,77,69,136,61
3,6,20,13,52,3,17,7,6,20,7,38,28,137
20,32,84,3,35,3,17,36,36,35,17,36,3,17,97,16,3,7,64,29,43,6,35,4,36,3,3
3,35,3,17,6,3,17,6,20,36,35,17,36,3,20,3
3,6,20,20,6,25,7,3,17,7,35,5,6,3,6,4,36,3,6,3,20,7,21,7,11,19,37,11,3,6,3,7,3,17,6,20,7,32,29,25,3,5,7,12
35,3,6,20,3,6,20,36,7,20
4,54,47,4,54,47,35,5,16,3,6,3,36,35,17,36,3,20,3
12,3,6,3,3,7,35,5,6,3,6,4,36,3,6,20,7,20,32,11,66,3,3,7,38,39
47,4,47,4,35,5,6,3,6,4,36,35,17,36,47,4,6,78,65,3,17
35,4,36,7,3,7,32,29,5,3,35,3,6,3,6,4,36,35,63,36,7,3
55,3,17,55,3,17,20,3
3,3,3,3,35,4,6,3,6,3,36,35,17,36,3,20,3
3,20,17,7,60,3,7,11,63,6,25,6,35,3,3,36,3,20,3,7,38,39
3,6,3,13,63,6,3,13,7,3,7,20,21,20,7,11,3,7,31,35,4,36,7,3,7,32,9,35,55,6,3,36,13,3,6,3,15,31,20,21
78,3,43,20,3,3,17,43,20,3,3,17,20,71
4,54,3,35,20,17,6,3,31,77,69,136,61
3,6,20,13,52,3,17,7,6,20,7,38,28,137
3,6,3,6,4,20,32,84,3,3,6,3,6,4,35,3,17,36,36,35,17,36,65,71,3,6,4,44,27,28,29,3,54,63
19,3,7,31,4,31,3,6,3,7,8,9,11,3,7,3,13,32,29,52,3,7,90
47,4,47,4,35,4,3,36,35,20,6,3,6,4,36,35,17,11,55,3,36,7,14,3,3,3
35,5,6,3,6,4,36,7,20,21,3,4,7,11,50,28,29,4,7,109,25,7,3,44,52,71,7,20,21,44,3
43,20,3,20,3,35,3,3,156,3,3,156,36,17,7,35,4,4,36,44,3,59,34,28,29
47,3,35,5,6,3,6,4,54,3,3,17,36,35,17,36,35,5,6,3,6,4,36,7,3,13,21,3,7,8,29,3
67,43,4,67,43,4,35,3,6,3,6,4,36,11,47,4,47,4,35,4,6,5,16,20,36,11,67,4,67,4,35,3,6,3,6,4,36,11,4,4,20,32,84,3,4,4,35,5,6,3,6,3,36,11,47,4,47,4,35,4,13,25,67,36,11,47,4,47,4,35,8,29,3,36,11,47,4,47,4,35,20,36,7,20
4,54,3,35,4,31,8,9,36,35,17,36,35,5,6,3,6,4,36,6,3,6,11,3,3,7,2,37,7,8,9,4,7,20,21,3,7,11,77,3,6,20,6,3,15,6,155,34,7,64,9,85,26,29,3
35,63,3,36,7,20
4,54,3,35,3,3,4,36,35,17,36,71,3,6,4,13,162,28,29,3,7,11,4,31,5,16,3,7,12,3,6,67,67,7,90
3,31,4,6,33,7,64,29,3,3,6,2,22,7,26,9,24
47,4,47,4,35,3,6,3,6,4,36,35,17,11,55,36,3,97,16,3,6,3,4,7,3,7,32,29,63,17,6,3,7,11,3,7,35,5,6,3,6,4,36,35,3,6,3,6,4,36,6,3,7,99
35,3,3,36,3,6,71,44,20
3,35,4,31,33,7,64,29,54,36,35,17,11,47,4,17,11,3,36,3,31,11,3,54,3,3,54,3,35,63,36,6,3,17
4,54,55,11,47,11,163,35,47,54,47,54,163,36,71,71,7,27,28,9,24,53,17,13,20,6,3,11,3,6,20,15,44,20,32,9,24
66,11,3,7,31,71,71,6,3,17,7,20,21
3,3,17,7,20,3,20,52,3,164,52,3,164,35,161,3,161,3,36,35,37,36,3,6,3,52,54,47,161,3,13,11,3,7,3,7,53,29,17,4,54,4,13,6,3,7,14,63
35,63,36,20,11,3
4,54,3,4,54,3,3,11,3,20,35,20,17,6,3,31,77,69,136,61
3,6,20,13,52,3,17,7,6,20,7,38,28,137
20,32,84,3,35,3,17,36,36,35,37,36,4,11,3,35,35,4,3,36,36,11,4,35,35,55,6,3,36,36,6,17,6,3,7,20,32,29,3,7,18,11,29,22,6,3,16,20,7,109,44,3,6,3,3
35,5,6,3,6,4,156,5,6,3,6,4,156,36,35,37,36,3,6,3,52,54,4,156,7,52,3,7,10,11,37,3,7,50,39,44,3,7,11,35,4,36,6,3,7,3,7,32,29,3,3,7,37,20,21
35,36,20,11,3
47,4,17,47,4,17,35,5,6,3,6,3,4,36,35,37,36,5,6,3,54,3,3,7,76,29,3,54,47,67,67,68,7,3,6,3,6,20,17,6,4,7,53,28,11,3,7,41,28,20,34,28,28,77,7,12,77,3
35,36,20
3
20,3,3,11,3,3,35,20,3,52,20,20,36
47,4,47,4,35,36,35,37,36,35,4,36,6,3,7,3,54,3,3,6,3,13,32,29,3
35,3,3,3,36,20,11,3
3,3,59,34,28,29
3,67,3,67,35,36,37,35,4,36,6,3,7,3,7,32,29,3,7,3,20,21,3,3
3,13,3,6,3,7,12,3,35,63,36,7,14,3,4,7,3,7,85,9,31,166,167,3,7,58,14,20
35,3,3,3,3,3,3,36,20,11,3
20,3,17,20,35,3,3,3,3,4,3,17,3,3,3,3,4,3,17,36,35,37,36,3,6,71,3,6,4,6,3,7,12,3,3,17,6,18,7,14,63,3
35,3,3,3,3,36,20,11,3
3,3,59,34,28,29
47,4,47,4,35,36,35,37,36,35,4,36,37,3,3,7,3,7,32,29,63,3
35,63,36,13,126,39,5,16,3,3,44,35,4,36,6,3,7,3,7,32,29,22,7,37,20,21
35,3,63,3,63,36,20,11,3
3,3,59,34,28,29
3,3,11,47,3,47,3,20,35,36,35,37,36,3,7,3,7,58,9,11,76,13,8,13,21,13,3,7,3,10,21,3,11,3,3,11,3,11,3,15,7,20,21,35,5,6,3,6,4,36,7,3,7,32,29,63
35,3,3,3,36,20,11,3
3,11,20,35,36,35,17,36,7,20,34,28,29,3,3
35,5,6,3,6,4,36,6,25,7,3,3,7,4,13,8,29,3,7,12,35,47,54,4,36,7,3,7,32,29,3
67,17,3,67,17,3,35,3,6,3,6,4,3,6,3,6,4,36,17,54,17,54,3,6,4,3,3,7,20,32,29,3,54,3,6,3,7,90,3,17,6,3,54,3
4,11,3,15,20,3,6,3,6,37,7,35,5,6,3,6,4,36,7,41,28,9,24
35,3,3,36,20
3,54,47,17,11,3,54,47,4,47,4,35,36,35,65,3,65,3,11,17,36,77,3,44,20,34,28,29,3,7,3,59,32,29,22
3,6,4,7,3,7,69,11,66,3,4,7,60,3,7,20,34,28,39,15,11,33,72,3,13,31,109,17,7,37,53,39
3,20,32,84,3,3,35,3,3,3,3,36,35,4,36,13,35,163,163,36,7,3,13,32,29,3
35,3,3,3,3,36,7,20,34,28,9,42,29
3,44,3,7,76,7,119,29,3,3,44,3,7,17,6,3,7,12,25,11,4,35,3,36,44,20,21
3,3,7,17,6,3,7,12,25,7,31,35,4,7,3,6,47,47,7,21,36,44,3,7,12
66,11,4,31,3,16,3,7,12
3,3,17,7,20,3,20,3,35,4,54,3,36,35,17,36,3,44,20,34,28,29
47,54,3,35,63,36,35,17,36,55,44,11,35,4,36,6,3,7,3,7,32,29,3
97,16,3,7,4,6,3,3,6,3,17,7,20,34,39
3,35,36,20
3,54,67,3,54,67,35,36,35,17,36,3,3
3,3,7,37,35,5,6,3,6,4,36,35,3,6,3,6,4,36,7,3,7,32,29,20,7,26,9,24
47,4,47,4,35,40,3,6,4,36,35,17,36,35,4,36,7,3,7,32,29,35,4,36,35,5,16,4,36,7,20,32,29,3
47,31,37,31,35,3,17,6,3,36,35,35,3,36,36,11,35,20,168,4,36,35,35,3,6,3,36,36,11,35,3,3,36,35,35,3,3,36,36,15,11,35,4,36,7,3,7,32,29,3,7,3,17,26,9,30,11,66,3,3,35,3,3,36,35,3,3,6,20,17,36,35,3,6,3,7,3,7,12,22,6,3,6,17,36,7,17,7,99,44,3,31,64,9,24
7,3,3,3,35,3,13,3,6,25,6,35,3,4,36,36,35,37,36,35,4,36,7,20,7,8,29,71,7,12,3,7,11,3,31,78,37,35,3,6,43,6,3,36,7,3,17,7,20,32,9,24
37,7,31,35,4,3,17,36,35,17,36,11,35,3,54,4,36,35,17,36,15,11,35,4,36,7,20,7,8,29,3,6,3,7,26,9,24
4,47,4,47,35,63,36,35,17,36,35,3,54,55,36,20,6,20,3
3,6,25,7,4,7,37,13,21,5,6,3,6,3,17,7,20,34,39
3,7,31,4,54,47,7,3,6,4,7,169,61,13,21,3,7,3,3,11,3,6,3,17,6,3,44,41,28,29
4,54,3,35,3,6,3,4,36,35,17,36,4,54,47,20,6,3,17,35,4,36,35,17,20,36,6,25,7,41,28,29,3,7,20,32,29,20,54,3
35,36,35,17,36,43,6,3,44,35,4,36,7,20,32,29,3,17
3,35,3,6,17,4,36,35,17,36,3,35,4,54,3,36,35,17,36,6,3,44,20,34,28,29,22,7,11,3,4,6,3,7,86,29,3,7,26,9,24
3,6,3,35,63,36,7,31,20
3,3,3,3,35,63,36,35,17,36,35,5,6,3,6,4,36,6,3,7,20,32,29,17
3,35,63,36,35,17,36,35,5,6,3,6,4,36,6,3,7,3,6,20,7,50,28,29,17
3,35,3,6,3,6,3,36,6,3,3,7,20
3,17,7,20,3,3,20,3,35,5,6,3,6,4,36,35,17,11,3,3,36,3,6,3,7,3,7,32,29,3,20,17,3
17,7,3,7,20,32,11,37,15,37,6,3,7,20,34,28,29
3,35,63,36,35,17,11,3,36,35,5,6,3,6,4,36,35,3,6,3,6,4,36,7,3,7,32,29,3
4,7,69,11,20,3,7,12,3,17,7,58,9,3,3,7,58,9,115
3,35,5,6,3,6,4,5,6,3,6,4,36,35,17,11,3,3,36,3,3
4,7,20,32,9,11,3,7,50,28,29,3,6,3,17,7,60,44,22
3,35,63,36,35,17,11,3,3,36,3,3
3,3,6,37,17,44,3,20,7,11,4,7,3,7,32,9,3,3,7,8,28,9,24
35,3,3,36,35,17,11,3,3,36,3,3,44,20,34,28,29,3,3
3,35,5,6,3,6,4,36,35,17,11,3,35,5,6,3,6,4,36,6,3,7,3,7,32,29,3,20,17,3,7,11,3,7,63,6,3,7,40,20,34,28,9,24
3,35,3,6,3,6,4,3,6,3,6,4,36,35,17,11,20,3,36,35,5,6,3,6,4,36,7,3,7,32,29,3
35,3,6,3,6,4,54,54,3,6,3,6,4,36,3,35,17,11,3,36,35,5,6,3,6,4,36,7,3,7,32,29,3,17,6,3,3,35,3,3,3,3,36,7,11,3,3,11,3,17,11,37,3,15,7,3,7,32,29,4,3,3,7,20,21
35,3,6,3,6,4,36,35,17,36,25,3,6,3,7,41,28,9,30,11,3,11,3,66,3,3,7,31,20,34,28,9,24
35,4,6,5,16,3,36,3,7,17,7,20,34,28,29,3
3,6,26,29,52,3,7,11,35,5,6,3,6,4,36,7,20,21,3,17,7,20,99
20,20,32,11,17,7,20,71,44,35,52,4,6,5,16,3,36,7,20,34,28,9,24
3,17,3,17,17,7,20,3,17,20,47,4,47,4,35,3,4,3,4,36,35,17,11,55,36,4,7,3,7,32,29,3,3,17
3,3,17,7,20,3,20,20,20,17,7,20,20,20,4,6,90,55,67,3,6,3,63,55,67,6,3,155,6,3
67,7,31,67,68,67,68,7,77,98,29
19,3,31,11,3,44,40,6,3,3,44,22,7,31,84
4,31,52,3,11,3,13,3,65,3,7,8,9,11,3,7,8,7,170,9,42,29,3,6,3,11,4,11,3,6,4,6,17,6,3,7,11,3,7,3,6,3,7,8,9,24
19,25,65,3,31,3,6,3,7,3,7,41,28,9,3,8,7,69,11,37,7,3,7,8,9,3,6,17,7,20,32,9,30,11,19,25,6,20,7,3,71,78,3,6,35,3,6,3,36,6,3,6,17,7,26,9,24
37,11,3,7,40,3,7,6,3,7,20,34,28,29,7,11,3,7,20,34,28,11,37,31,3,7,31,53,84,43,7,70,29,9,11,3,7,3,7,6,3,7,20,34,28,29,6,7,12
19,25,6,3,31,3,6,3,6,20,3,6,25,7,35,3,6,3,36,44,27,28,9,24
66,11,20,32,29,19,3,7,20,32,29,25,7,31,4,13,3,17,13,6,20,31,40,76,7,42,29
19,3,7,23,29,3,13,50,39,3,7,4,6,3,7,35,40,4,6,37,7,3,44,36,20,34,28,9,24,25,3,31,5,7,12,7,11,4,7,4,7,20,32,9,3,3,7,41,28,29,6,7,31,84,72,13,31,20,34,28,9,24
4,54,3,6,3,3,31,3,17,7,70,29
33,31,12,43,3,17,7,8,29,25,7,35,3,6,3,6,4,36,7,3,7,32,11,3,3,7,58,9,4,7,19,3,6,20,7,8,9,24
20,20,32,29,3,3,6,25,11,20,34,28,9,42,89,29,71,31,11,63,6,20,7,8,29,25,7,43,6,3,3,7,20,34,28,35,37,20,36,20,3,6,58,7,34,28,29
19,71,31,3,6,17,7,2,17,7,53,28,9,24,7,11,20,17,7,70,29,71,6,3,3,35,71,6,20,7,20,34,28,9,30,11,37,31,71,7,23,9,3,54,3,7,20,36,31,77,5,7,20,34,39
66,66,5,7,20,34,28,29,6,31,11,17,7,4,54,67,3,35,3,36,7,77,58,29,35,3,6,3,6,4,36,3,7,12
35,3,6,3,6,4,36,31,37,3,6,3,7,3,3,6,3,7,20,34,28,29,7,11,19,37,7,3,7,92,28,11,37,31,52,43,3,52,43,3,7,20,34,28,9,24
4,54,4,54,4,54,3,7,35,5,6,3,6,4,36,6,66,20,32,29,3,31,3,17,7,31,57,11,3,3,7,20,32,29,3,17,35,20,17,3,36,35,17,36,7,70,29,35,33,31,3,6,3,6,3,44,20,7,12,36
19,25,11,35,5,6,3,6,4,36,7,26,29,3,3,3,3,7,4,7,71,6,20,7,12,75,8,29,25,11,19,35,20,17,3,36,7,41,28,9,91,29,11,44,3,7,26,29,7,11,33,31,77,6,3,7,12,13,11,4,3,7,37,35,3,3,17,36,78,65,17,6,52,3,6,25,7,77,20,32,9,24
35,63,36,31,67,3,6,3,6,3,7,20,32,9,30,11,43,7,31,3,6,35,3,17,36,6,20,7,8,28,9,42,29
43,7,31,11,33,44,35,5,7,20,34,28,29,3,20,36,44,3,7,11,20,20,44,20,6,25,7,8,28,9,42,29
3,3,6,35,3,36,31,11,19,20,6,3,7,3,7,123,61,44,11,37,20,32,9,24,22,6,3,44,27,28,9,24,22,13,53,39
20,6,3,3,35,3,6,3,36,78,3,7,31,11,3,6,20,6,3,7,35,3,36,44,3,7,8,9,91,9,24
33,7,11,4,31,33,7,20,7,8,29,22,13,53,39,7,35,35,3,6,3,6,4,36,7,31,35,3,36,6,3,31,84,36,11,3,6,3,7,20,17,31,40,84
35,3,13,3,3,7,8,9,24,6,31,77,72,54,36,44,19,3,31,11,19,3,44,11,37,6,3,3,6,52,3,7,40,3,7,69,11,35,5,6,3,6,4,36,6,101,6,17,7,4,44,35,40,92,28,29,36,19,3,7,20,34,28,9,24
5,31,11,3,17,6,3,3,17,3,17,3,17,6,3,7,20
35,47,36,31,163,163,11,35,4,3,36,31,4,6,35,4,36,7,41,28,9,24
3,3,17,7,20,3,20,47,11,3
3,11,3
3,11,3
3,11,3
3,11,3
3,11,3
3,11,3
3,11,3
3,11,3
3,11,3
47,11,3
3,11,3
47,11,3
3,11,3
3,11,3
47,4,35,4,54,3,6,20,36,35,5,6,3,6,4,36,3
3,11,3
3,11,3
3,11,3
47,11,3,47,11,3
3,11,3
3,11,3
47,11,3
3,11,3
47,11,3
3,11,3
3,11,3
3,3
47,4,35,20,3,54,3,3,36,35,4,54,4,52,3,36,3
3,11,3
3,11,3
47,4,35,20,3,54,3,3,7,28,61,53,3,36,35,4,54,4,52,3,36,3
3,11,3
3,11,3
47,4,35,3,3,3,6,3,36,3,3,11,17,11,3
3,11,3
3,11,3
3,3
3,3
3,3
3,3
3,3
3,3
3,3
3,3
3,3
3,3
3,3
3,3
3,3
47,4,35,63,36,35,4,20,36,63,3,11,17,11,3
47,4,35,4,7,53,28,29,3,17,36,35,5,6,3,6,4,36,3
3,11,3
3,11,3,3,3,11,20,3,3,11,3,35,78,36
3,11,20,3
47,11,3
47,11,3
47,4,35,4,17,6,3,36,35,4,54,4,52,3,36,3
47,11,3
47,11,3,54,3
47,11,3
47,11,3
47,11,3
3,35,3,44,6,3,36,47,4,17,11,35,3,3,3,36,78,3,78,17,11,3
3,47,4,35,4,17,6,3,36,35,4,54,4,52,3,36,3,54,3
3,3
3,47,4,35,4,17,6,3,36,3
3,3,35,3,44,6,3,36,3
3,47,4,35,4,17,6,3,36,3
3,3
47,4,35,35,4,36,3,13,3,3,3,36,35,3,3,36,78,3,78,17,11,3
3,47,4,35,35,4,36,3,13,3,3,3,36,3
3,47,4,35,3,3,3,6,3,36,3
47,4,3,35,33,6,4,36,35,3,3,36,78,3,78,17,11,20,17,11,3,11,3
47,4,35,4,13,47,36,35,3,3,3,36,78,3,78,17,11,3
47,11,3
47,11,3
3,47,4,35,4,13,47,36,3
3,3
47,11,3
3,47,4,35,4,7,53,28,29,3,17,36,3
3,3
47,4,17,35,96,9,2,4,54,3,7,97,16,3,17,36,35,36,78,3,78,17,11,3
35,63,36,35,36,78,3,78,17,11,3
35,3,54,67,3,3,7,171,4,6,3,36,35,4,3,36,78,3,78,17,11,55,11,3,11,3
47,11,3
47,11,3
47,11,3
47,11,3
47,4,35,4,7,23,29,3,7,53,39,3,6,3,17,36,35,36,78,3,78,17,11,3
47,11,3
47,11,3
47,11,3
47,11,3
47,11,3
47,11,3
47,11,3
47,11,3
47,11,3
47,11,3,54,3
3,11,3
3,11,3
47,11,3
47,11,3
35,47,4,35,3,3,36,36,3,54,20,3,3,20
35,47,4,20,3,6,25,7,31,37,6,8,7,52,20,32,9,137,20
36,63,3,3,20
20,3,20,3,17,7,20,20,3,20,3,20,4,54,4,35,5,6,3,6,4,36,47,4,17,11,67,3,11,17,3,20,4,54,4,35,52,78,5,6,3,6,4,36,47,4,17,11,67,3,11,17,3,35,35,5,6,3,6,4,36,6,20,36,47,4,20,11,47,4,17,11,4,17,3,11,17,47,4,54,47,35,4,54,4,17,35,3,36,36,47,4,37,17,11,55,11,17,3,35,4,54,4,3,36,47,4,11,47,4,17,11,55,20,17,11,17,4,54,3,35,4,13,63,36,47,4,17,11,67,3,11,17,52,3,3,35,4,54,4,52,3,36,20,3,20,35,52,3,3,36,11,17,47,4,35,20,5,6,3,6,4,36,55,35,3,6,3,36,11,17,47,4,35,5,6,3,6,4,36,67,3,17,3,11,17,47,4,35,4,54,3,54,3,36,3,3,3,11,17,47,4,35,20,6,3,6,4,36,3,3,11,17,47,4,35,3,3,36,55,11,17,35,3,3,3,3,36,78,3,78,17,35,4,54,4,20,17,36,3,3,11,17,35,36,78,3,78,17,35,20,3,6,3,6,4,13,4,54,4,36,55,11,17,35,3,3,36,78,3,78,17,35,20,54,4,4,36,67,3,11,17,20,3,20,3,17,7,20,20,3,20,5,6,3,6,4,3,5,6,3,6,4,3,3,20,3,20,17,7,20,3,20,20,3,7,31,11,5,6,3,6,4,7,20,21,3,7,69,137
35,35,4,3,36,47,4,54,47,4,17,47,4,3,36,3,55,3,55,3,3,5,6,3,6,4,3,47,4,17,35,17,4,61,6,3,36,54,52,71,52,3,3,3,3,3,35,47,43,17,17,36,35,4,31,3,6,3,7,36,54,3,52,3,3,3,3,3,35,47,4,17,36,4,19,3,7,20,32,137,3,54,3,4,20,32,84,3,19,3,6,3,7,20,32,137,20,4,19,3,7,20,32,137
20,6,37,7,3,7,53,132,7
3,4,19,3,6,37,6,17,7,20,32,137,3,3,6,4,3,13,3,5,6,3,6,4,3,6,3,6,4,3,6,3,6,4,3,6,3,6,4,3,6,3,6,4,3,6,4,3,6,3,6,3,3,6,3,3,3,3,3,3,5,6,3,6,4,6,3,20,54,3,6,3,6,4,6,3,20,4,5,6,3,6,3,3,3,5,6,3,6,4,3,3,3,3,3,37,3,37,3,3,17,3,17,3,6,3,3,6,3,3,13,3,13,63,3,3,7,3,163,3,13,3,13,63,3,3,5,6,3,6,4,6,3,3,20,5,6,3,6,4,17,6,3,3,78,65,71,35,36,5,6,3,6,4,17,6,3,3,6,3,3,35,36,5,6,3,6,4,17,6,3,43,6,3,3,35,36,3,6,3,6,63,43,43,6,3,3,35,36,3,55,20,32,84,3,35,36,4,17,6,3,3,6,3,35,36,47,3,3,6,3,6,4,3,3,35,36,4,54,3,20,3,35,4,54,3,3,20,3,35,36,4,54,3,37,6,20,20,3,35,36,36,20,3,4,54,63,3,5,6,3,6,4,6,3,4,6,3,3,6,3,17,3,6,3,17,5,6,3,6,4,3,20,32,84,3,3,17,3,3,3,3,3,17,3,17,63,55,3,37,3,37,3,3,20,3,20,43,3,3,3,20,3,3,54,54,3,3,3,52,20,3,35,5,6,3,6,4,5,6,3,6,4,36,7,20,5,3,3,5,6,3,6,4,5,6,3,6,4,43,6,3,3,43,6,3,3,43,6,3,43,6,3,43,6,63,3,43,6,63,3,3,6,3,3,6,3,3,6,5,59,54,20,59,7,3,13,32,29,3,3,6,5,59,54,20,59,7,3,13,32,29,3,3,7,3,13,32,29,3,3,7,3,13,32,29,3,3,7,3,13,32,29,3,3,7,3,13,32,29,3,3,17,3,7,3,7,20,32,9,24,3,7,3,7,20,32,9,24,3,3,7,20,34,28,9,24,3,3,7,20,34,28,9,24,3,3,7,20,34,28,9,24,3,3,7,20,34,28,9,24,3,20,3,3,17,3,3,32,9,42,136,61,19,3,7,92,28,29,20,44,6,20,3,19,3,7,92,28,29,20,6,20,20,20,3,7,20,32,9,3,21,22,7,52,8,32,137,7,11,5,7,31,69,136,61,3,20,3,21,22,7,20,32,137
66,11,5,7,31,69,136,61
3,3,3,3,7,20,3,3,3,44,6,20,3,3,20,20,19,3,7,20,20,19,3,6,37,6,17,3,20,33,20,17,7,20,17,7,20,21,5,20,19,3,3,7,38,39,3,7,60,20,5,7,20,21,3,6,3,7,20,143,9,11,19,3,7,20,21,20,3,3,7,20,21,20,3,3,7,20,21,3,3,19,3,44,11,99,22,11,3,7,20,21,3,3,37,6,3,6,3,7,12,37,6,3,37,3,7,20,34,28,29,3,6,20,96,3,19,3,44,37,6,20,6,20,37,6,20,3,7,20,34,28,29,3,7,90,3,20,20,17,6,3,20,17,3,3,13,3,3,7,3,7,20,3,3,7,99,3,3,3,44,6,20,20,3,3,44,6,20,20,3,6,3,20,3,6,20,52,20,175,20,55,13,3,3,44,20,17,55,44,52,20,3,33,7,20,32,9,24,52,3,6,20,20,17,19,3,7,20,32,9,24,3,6,37,6,20,20,3,6,20,3,3,7,20,3,21,3,7,20,3,5,3,6,20,5,3,19,3,6,19,17,7,6,20,20,19,17,7,6,20,20,19,3,44,6,5,3,3,3,53,28,29,3,3,7,6,3,3,19,3,6,20,3,19,3,7,20,20,3,3,6,3,20,3,7,20,19,3,6,20,17,3,20,17,3,52,6,3,52,3,17,3,17,3,17,52,3,3,67,17,54,54,54,54,54,3,17,3,43,17,3,54,55,54,3,17,3,3,3,3,3,3,3,3,3,3,3,3,3,3,3,3,43,17,3,3,3,3,3,3,3,3,3,3,3,3,3,3,3,3,43,17,35,63,36,3,3,3,3,3,3,3,3,3,3,3,3,3,3,3,3,3,3,3,3,3,3,3,3,3,3,3,20,43,17,3,3,3,3,3,3,3,3,3,47,4,17,3,67,17,3,3,17,3,43,17,3,67,17,43,17,43,17,43,17,173,173,173,173,173,173,173,55,173,173,173,173,55,173,173,55,173,173,55,173,173,55,173,3,3,3,17,43,17,3,43,17,63,17,3,17,54,43,17,3,3,3,3,17,3,43,17,3,3,17,3,3,17,54,54,54,54,54,54,54,54,54,54,54,54,54,54,54,54,54,54,54,54,54,54,54,54,3,17,54,54,54,54,54,54,54,54,54,54,54,5,16,3,63,17,54,54,54,3,17,54,54,54,54,54,54,54,54,54,54,54,54,43,17,3,43,17,3,43,17,54,54,54,54,54,54,3,17,3,17,43,17,3,43,17,67,17,54,54,54,54,54,54,54,67,17,3,3,3,3,3,17,54,20,54,20,54,43,17,54,43,17,3,3,3,3,3,3,3,3,3,3,3,3,3,3,3,3,3,3,3,3,3,3,3,3,3,3,17,3,43,17,3,3,3,3,3,3,3,3,3,17,54,54,54,54,54,54,54,54,54,54,54,54,3,17,54,67,17,43,17,54,54,54,54,54,54,54,54,54,54,54,54,54,43,17,43,17,43,17,3,5,16,3,43,17,67,17,54,43,17,3,43,17,3,43,17,3,43,17,3,43,17,3,17,3,5,3,43,17,3,43,17,3,3,43,17,63,17,54,3,17,54,54,54,20,54,43,17,54,43,17,3,43,17,3,3,17,54,43,17,3,3,17,3,17,3,3,3,47,3,25,3,3,17,3,54,55,67,17,17,4,55,3,3,3,3,17,20,7,20,21,20,7,20,3,20,3,3,35,3,31,5,3,20,3,20,7,52,20,120,9,20,3,101,36
3,31,3,20,20,3,6,3,7,20,5,174
20,6,3,7,20,34,39,37,7,69,137
5,31,20,3,7,20,32,9,175
3,44,55,44,20,3,20,3,20,17,44,20,3,3,3,3,52,20,3,3,6,3,6,4,3,6,3,6,4,3,6,3,6,4,3,7,20,34,28,9,24,3,3,6,3,6,3,5,6,3,6,4,7,3,13,32,29,3,3,5,6,3,6,4,7,3,13,32,29,3,3,3,3,141,17,6,3,3,47,6,3,3,43,6,3,3,43,6,63,3,63,3,3,17,7,3,7,32,29,3,3,3,7,3,13,21,3,3,3,3,7,3,13,21,3,3,3,6,5,59,54,20,59,7,3,13,32,29,3,3,3,3,3,3,3,3,3,3,3,3,3,3,3,3,3,3,3,3,3,3,3,3,3,3,3,3,6,3,6,4,3,54,55,20,20,3,6,3,6,4,3,6,3,6,4,3,6,3,6,4,3,3,3,3,35,55,35,36,36,3,7,20,20,7,20,5,34,20,5,34,20,19,3,7,31,11,47,3,44,20,32,9,42,137
3,6,3,3,44,31,35,5,6,3,6,4,5,6,3,6,4,36,7,176,175
3,3,6,3,6,4,20,63,3,54,3,3,4,3,52,54,3,3,3,47,54,3,47,54,3,3,3,3,3,3,4,54,3,3,3,3,4,54,3,3,4,54,4,4,54,4,4,54,4,3,3,4,54,4,3,3,4,54,63,3,4,54,63,3,4,54,63,4,54,63,55,54,3,3,55,54,3,3,4,54,3,3,4,54,3,55,3,3,67,54,3,3,3,67,54,3,3,3,3,54,77,63,3,20,32,84,3,4,54,3,20,55,55,3,20,17,20,3,3,20,3,4,54,3,20,3,20,3,20,3,55,54,3,20,20,43,6,3,43,6,3,17,3,3,43,43,6,3,43,6,3,17,3,3,20,37,20,20,3,43,6,3,43,6,3,43,43,3,3,3,3,163,17,6,3,163,71,71,4,54,3,17,6,3,4,54,3,3,7,20,35,3,6,3,6,4,36,35,3,6,3,6,4,11,3,54,36,31,35,5,6,3,6,4,5,6,3,6,4,36,7,3,13,21,55,54,3,20,6,3,3,3,3,3
3,31,37,17,7,3,20,6,78,3,44,8,9,42,29
3,3,3,20,20,60,61,62,3,20,3,20,3,17,3,6,3,3,17,3,6,3,3,3,3,20,3,20,3,17,3,20,3,17,3,20,20,17,20,17,52,20,17,52,20,17,3,3,20,3,20,3,3,20,3,20,3,3,17,7,20,3,20,3,3,6,121,3,3,3,3,3,7,58,29,3,7,5,16,3,6,3,3,13,26,9,24
3,13,3,15,35,3,6,3,6,4,3,6,3,6,4,36,6,20,3,13,3,7,37,76,7,24
3,6,3,31,3,3,13,35,3,6,3,6,4,36,6,3,6,3,7,8,29,3,20,13,26,9,24
3,3,31,3,7,31,84,3,3,7,12
4,6,3,31,37,3,6,3,7,8,29
3,31,37,17,7,35,4,54,3,4,54,3,36,13,126,39,11,20,13,3,7,8,29,3,6,3,3,3,31,26,9,42,29,7,11,4,6,3,6,20,7,31,89,29
20,20,17,7,20,20,20,37,20,6,35,163,17,6,3,163,36,6,75,16,3,22,7,20,32,9,42,29,3,6,3,31,57,11,20,17,7,31,20,34,28,29
37,6,3,6,20,20,7,11,19,3,97,16,3,7,52,20,34,28,29
3,7,3,13,3,6,3,3,7,8,29,4,31,11,37,6,4,7,3,7,32,29,3,13,3,6,4,17,13,11,4,3,7,20,7,53,29
20,63,7,6,4,60,61,62,3,17,7,20,60,61,20,12,43,6,3
5,16,3,6,3,7,11,4,31,3,13,20,7,3,6,3,7,76,7,42,29,7,11,40,20,32,9,30,11,3,6,3,7,76,7,18,3,6,3,13,20,7,68,6,3,7,107,7,42,29
19,101,11,4,31,3,7,8,9,24,3,4,7,19,3,7,86,9,12,6,7,53,9,11,5,7,3,4,7,8,29
33,31,3,4,7,109,25,7,19,3,15,26,29,7,11,19,17,7,70,29,19,3,7,8,29
37,3,15,99,13,11,3,4,7,26,9,24,6,7,8,9,11,4,31,8,11,5,16,3,6,3,7,14
33,7,31,2,3,7,70,29,9,11,123,61,13,32,29,7,11,3,7,26,9,35,113,42,9,53,84,7,5,36,13,50,28,29
4,7,77,129,61,72,13,76,7,42,29,25,11,5,7,3,6,3,7,8,9,91,29
3,6,3,7,31,3,7,70,9,11,33,7,31,65,8,6,3,7,35,33,7,76,7,36,13,23,9,70,29
4,7,33,7,90,13,11,3,7,78,7,76,29
66,4,31,3,7,123,61,13,32,29,7,11,5,16,3,7,3,3,7,53,9,42,29,9,66,53,89,29
4,7,66,76,29,25,11,37,31,3,7,37,26,29,3,7,5,7,8,9,91,29
19,3,7,31,35,33,7,8,9,36,13,23,9,69,11,4,7,33,7,99,13,3,7,99,15,56,26,29
33,7,23,29,4,7,85,104,29,25,11,3,31,3,7,3,7,69,11,33,31,3,7,37,6,3,6,3,6,3,7,76,29
66,11,3,6,25,7,10,11,26,29,3,6,3,3,7,99
23,29,3,7,31,11,3,3,17,7,3,7,32,9,42,29
4,31,33,7,26,29,7,11,3,4,7,53,9,66,99
19,37,7,11,4,31,3,13,3,7,18,11,3,7,50,39,7,71,31,12
66,8,84,17,31,26,9,35,3,13,3,156,6,20,36,7,27,39,22,7,20,32,29
17,7,3,104,29,6,7,3,7,19,3,7,8,29,4,31,37,11,3,4,6,17,7,14
66,4,31,35,3,7,26,9,91,9,36,13,3,4,7,50,28,11,17,6,25,7,26,29
3,7,8,29,4,7,11,3,7,70,29,3,7,8,9,103,13,11,33,31,17,7,8,9,103,15,56,69,11,3,4,31,23,9,58,9,103
33,7,3,4,44,3,3,7,8,9,11,35,3,7,20,21,36,44,3,7,26,29,3,20,6,3,11,4,7,17,7,90,7,11,4,7,3,7,8,29,25,11,3,7,58,3,5,7,26,9,103
33,7,53,29,3,3,31,35,17,7,177,61,36,13,4,7,56,26,29,25,7,69,104,29,3,7,58,11,3,7,3,7,8,9,103
66,3,3,7,3,7,56,129,61,13,3,7,26,9,24,17,7,4,31,3,3,7,85,11,19,25,6,3,7,8,9,11,37,7,76,29
8,29,3,4,7,99,37,7,18,11,4,31,12,52,3,17,7,18,11,19,17,7,14
66,11,52,3,17,31,4,7,3,29,13,20,32,11,4,31,52,3,17,7,92,28,29
37,3,7,18,11,5,16,3,7,92,28,29,4
35,40,3,7,15,7,32,100,36,13,64,29,22,7,3,7,3,7,41,28,9,103,31,11,19,3,7,3,7,20,32,29,33,7,56,12,20,7,14
33,7,8,9,11,56,69,42,13,32,29,9,11,20,3,7,3,7,3,7,8,9,11,5,76,29,113,34,7,26,29,4
37,4,31,3,3,7,18,11,33,7,50,28,9,3,35,8,3,17,36,13,37,4,11,69,3,6,25,7,64,29
33,7,31,35,20,43,15,84,43,35,33,7,31,84,43,36,36,7,20,21,44,19,3,17,7,32,9,42,29
4,31,3,4,6,3,7,14,178,19,3,17,7,12,7,11,77,20,7,53,84
33,7,20,32,9,91,29,3,4,7,3,7,3,7,92,28,11,3,7,5,3,32,9,31,35,20,20,36,13,58,29,6,7,99,31,11,37,7,3,7,64,9,111,11,4,31,40,3,4,7,99,6,7,8,29
33,7,77,3,3,7,8,11,35,19,3,6,3,31,3,6,22,36,29,13,4,7,99
4,7,3,6,3,13,64,29,22,7,84,13,12,13,11,3,3,31,35,3,6,3,7,109,120,11,33,31,20,7,12,36,13,64,9,11,4,7,3,6,3,7,90
3,6,3,6,3,7,11,4,31,2,3,7,2,3,7,26,9,24,17,6,3,17,17,7,109
66,11,33,7,122,29,3,6,3,7,18,11,3,7,20,34,28,29
33,31,11,3,7,3,3,7,11,66,11,3,7,3,3,7,109,44,19,3,124,29
40,57,115,31,11,37,7,5,7,58,29,3,3,6,22,7,11,3,6,3,13,40,52,3,7,58,9,111,11,4,31,3,7,8,39
4,31,3,17,6,17,7,3,44,98,29,19,3,6,3,7,3,54,32,11,20,6,3,13,31,99,3,3,6,20,7,8,29,25,7,58,29,69,3,7,3,7,77,3,7,56,26,9,103
66,86,9,42,29,3,7,3,8,9,56,69,11,3,6,3,7,64,9,35,5,7,11,3,7,11,3,6,2,3,36,13,20,21,31,11,37,92,39
66,12,3,7,23,29,4,31,11,3,7,26,9,24,15,16,6,29,13,12,13,35,99,6,83,36,13,99
8,9,24,3,7,127,3,6,3,7,3,7,8,29,4,31,11,35,3,7,58,9,3,6,20,7,32,175,36,13,50,28,29,25,11,3,7,8,9,139,29,3,7,20,32,29,22,7,3,7,35,33,31,3,7,53,29,6,186,36,13,50,28,11,3,6,37,7,50,39,6,124,29
20,3,20,3,17,7,20,20,3,20,4,5,6,3,6,3,35,36,3,71,6,3
3,6,25,7,52,20,7,21
3,31,11,35,33,36
3,3,5,6,3,6,4,3,4,35,36,4,6,3,6,4
3,7,12,22,7,99
40,107,7,24
3,7,8,9,11,3,3,7,86,9,24,7,66,8,9,24
3,7,12,37,13,40,31,11,3,7,109
3,31,11,35,3,36,66,35,33,36
3,3,35,36,3,3,3,3,7,58,11,3,7,85,9,5,16,17,7,64,9,24,3
3,31,11,35,3,36
3,13,126,28,9,31,11,3,31,3,7,32,9,42,84
4,7,3,3,6,3,7,99
66,3,3,7,20,21
3,6,3,3,6,3,35,36,3,71,6,3
3,7,3,7,3,179,3,3,3,3,6,3,3
35,3,7,134,54,36,7,3
3,6,3,3,6,3,31,3
3,31,35,33,36
3,6,47,35,36,3,6,3,7,31,3,13,3,31,40,3
3,13,31,52,7,5,7,5,7,11,3,7,31,53,84
3,3,17,3,17
3,7,20,34,28,17
3,3,3,3,35,52,7,3,3,15,3,13,3,6,3,3,7,11,8,13,8,13,21,11,3,6,3
4,7,5,6,3,7,31,33,31,7,8,9,24,22,7,60
67,68,13,6,20,31,3,12,25,11,3,3,54,3,6,3,3,6,3,13,6,20,31,5
3,31,11,35,33,36,66,35,33,36
3,13,3,13,3,35,36,65,17,6,180,31,3,6,20,20,3,6,3
4,7,40,3,13,3,6,20,7,21
55
3,7,8,9,119,29,22,7,3,6,3,7,18,11,26,29
3,31,11,35,33,36
3,3,3,6,3
20,6,3,31,3
3,7,5,7,8,29,3,44,20,32,9,42,29
3,3,3,3,7,90,3,17
3,7,8,28,29
8,29,3,3,6,3
3,7,20,34,28,28,29
3,17,3,35,8,3,17,36,54,37,3,37,4,54,69,3,5,6,3,6,4,6,3,69,3,35,54,54,36,3,13,37,4,6,65,17,7,35,52,20,43,15,84,43,35,3,54,33,7,31,84,43,36,6,17,36,7,18,9,3,17,7,32,9,24
19,65,17,7,3,4,6,5,16,3,7,58,9,103
37,98,7,24,3,6,25,6,3,7,69,3,7,26,9,30,11,35,3,36,44,3,7,14,13,23,9,20,21,7,11,3,7,3,7,41,39,13,56,12
52,3,17,35,36,4,17,7,35,14,3,36,7,109,7,11,33,7,170,29,3,16,6,72,6,20,44,4,6,3,44,11,3,29,13,20,32,9,20,21
3,13,3,11,3,6,3,31,24
4,6,3,35,36,4,6,3
4,13,31,17,7,8,9,24
3,7,31,3,6,20,7,8,9,24
4,7,5,16,3,7,53,29,9,11,20,32,29
4,3,3,3,20,32,84,3,3,6,3,3
3,6,3,7,98,7,105,29
3,3,17,7,20,3,20,3,3,17,3,3,3,3,17,3,17,17,20,20,3,4,4,54,3,4,3,4,47,4,47,4,3,4,4,54,47,4,54,47,47,4,47,4,47,4,47,4,3,47,4,47,4,47,4,47,4,67,4,55,3,4,3,3,6,3,3,47,163,47,4,47,4,3,35,8,3,17,36,4,54,3,67,65,4,3,47,4,47,4,47,4,47,4,47,3,17,47,3,17,3,3,3,47,4,47,4,47,4,71,47,4,3,156,35,3,36,54,3,54,47,54,3,54,47,67,4,67,4,47,4,47,4,8,29,3,47,4,47,4,3,47,4,20,32,84,3,47,4,3,47,4,47,4,47,4,47,4,4,6,3,3,47,4,20,32,84,3,47,4,47,4,33,47,4,33,3,47,4,47,4,3,20,32,84,3,47,4,3,35,3,36,47,4,35,3,36,47,4,4,3,55,4,3,65,3,47,4,47,4,52,3,6,47,4,3,47,4,20,32,84,3,47,4,3,35,3,3,36,4,54,55,4,54,55,3,3,31,3,6,52,7,31,11,4,7,47,4,47,4,11,3,3,7,47,4,47,4,7,3,29,3,20,17,31,20,21
3,17,20,43,54,3,3,35,47,3,36,52,3,17,3,6,3,3,17,3,6,3,17,7,20,3,17,3,6,3,20,17,7,17,7,20,34,28,29,3,35,25,11,3,17,54,3,17,36,11,17,7,17,7,20,34,28,29,3,35,25,11,55,54,3,54,3,54,3,17,3,36,11,66,17,37,7,20,34,28,9,24,3,35,25,11,17,71
3,6,3,7,3,7,20,34,28,9,24,22,7,20,34,28,9,24
36,7,31,11,3,6,37,7,53,28,3,7,26,9,24
17,3,7,6,20,37,6,17,15,44,20,7,50,28,9,24
17,17,3,7,6,20,3,7,26,9,3,54,3,7,20,11,20,20,34,28,9,24,35,6,3,7,35,8,24,36,7,35,5,36,7,21,15,36
19,20,20,7,31,11,3,97,7,37,6,3,7,3,32,9,24,7,11,3,3,6,47,4,47,4,7,47,3,4,55,3,4,3,7,12,15,11,37,3,31,20,34,28,9,24
66,11,20,20,17,6,3,44,31,3,7,3,34,28,9,42,84,25,3,7,20,34,28,29,20,3,31,101,6,3,17,6,3,7,20,7,32,29
66,11,37,6,3,3,13,3,6,3,31,20,34,28,9,24
3,28,3,17,54,3,3,54,3,3,3,54,3,3,54,3,156,3,54,3,17,7,20,3,20,3,20,3,20,17,7,20,3,20,20,20,3,11,3,3,4,54,4,4,54,4,3,3,11,3,11,4,54,55,11,4,54,55,11,4,54,63,4,54,63,11,3,11,4,54,55,11,55,52,67,54,3,3,11,4,54,3,20,32,84,55,11,4,54,3,20,32,84,55,11,4,54,3,20,32,84,55,11,4,54,3,20,32,84,3,3,63,3,3,54,3,3,20,63,3,3,54,3,20,32,84,3,20,20,3,3,11,20,54,47,20,54,47,4,6,3,3,47,3,6,3,4,54,3,6,47,3,3,3,37,4,3,13,63,3,3,7,3,3,3,3,3,4,54,3,3,3,4,54,3,22,3,3,3,3,3,20,4,54,3,3,67,4,54,3,3,67,54,3,54,3,3,3,54,3,54,3,3,3,20,20,4,54,3,3,3,4,54,3,3,3,20,55,54,55,11,4,54,55,11,4,54,55,11,54,3,20,32,84,55,11,4,54,55,11,4,54,55,11,3,11,3,3,3,3,4,54,3,4,54,3,4,54,3,4,54,3,11,3,20,32,84,55,11,4,54,55,11,3,11,4,54,47,20,32,84,3,4,54,47,11,4,54,47,20,32,84,3,4,54,47,11,4,54,3,4,54,3,11,63,3,54,3,3,20,32,84,55,11,3,11,4,54,55,11,4,54,62,3,3,54,3,3,4,54,55,11,4,54,3,20,32,84,55,11,4,54,47,47,4,54,4,11,3,3,20,4,54,47,3,20,4,54,47,11,4,54,55,11,3,3,3,20,32,84,55,11,3,20,32,84,55,11,4,54,4,55,20,32,84,55,11,3,11,3,3,54,63,20,32,84,55,11,3,20,32,84,3,3,20,3,5,3,3,20,3,3,20,54,3,20,3,11,4,54,54,63,4,54,54,63,3,20,3,20,3,3,3,11,3,20,32,84,55,11,4,54,3,3,20,32,84,3,20,20,3,20,55,54,3,20,3,11,3,11,3,3,52,20,3,20,3,17,3,20,3,17,3,20,17,7,20,3,17,3,20,20,20,47,4,47,4,11,47,4,47,4,20,47,47,4,20,32,84,3,47,47,4,11,47,4,20,32,84,3,47,4,3,67,3,52,65,20,32,84,3,67,3,52,65,3,20,3,3,20,32,84,55,20,3,67,3,20,32,84,3,67,3,11,3,54,20,20,32,84,3,20,20,3,3,20,32,84,55,11,3,54,20,20,32,84,3,3,17,20,20,17,20,17,17,7,20,20,17,20,20,3,3,20,20,17,3,3,6,3,6,4,3,20,32,84,3,5,6,3,6,3,20,32,84,3,4,54,3,4,3,55,54,62,3,20,32,84,3,20,17,33,15,6,3,20,32,84,3,33,15,6,3,3,37,7,8,29,20,32,84,3,37,7,8,29,4,54,47,4,54,47,3,6,3,20,32,84,3,3,6,3,3,40,3,20,32,84,3,40,3,20,32,84,3,4,54,3,4,3,55,54,62,3,20,32,84,3,3,20,32,84,3,3,62,62,20,32,84,3,62,62,3,20,32,84,3,3,54,3,3
54,3,13,3,20,32,84,3,3,13,3,3,20,32,84,3,4,54,3,3,3,11,17,26,29,20,32,84,3,4,3,11,17,26,29,4,54,4,4,54,55,33,7,58,8,77,20,32,84,3,33,7,58,8,77,3,3,4,54,3,3,3,3,4,54,3,3,4,54,3,3,4,54,3,3,4,54,47,4,54,47,63,54,3,20,32,84,3,20,32,84,3,4,54,3,4,3,55,54,3,20,32,84,3,20,32,84,3,20,32,84,3,3,54,3,54,3,54,3,54,3,3,3,54,3,3,20,63,3,3,54,3,3,75,7,32,9,19,3,31,20,32,84,3,3,75,7,32,9,19,3,31,4,54,4,4,54,4,63,3,3,54,3,20,32,84,3,20,32,84,3,20,32,84,3,4,54,3,3,16,61,7,31,84,43,11,62,20,32,84,3,52,20,43,15,84,43,6,3,3,20,32,84,3,20,32,84,3,4,54,67,4,54,47,4,54,47,4,54,3,63,3,4,54,3,63,63,52,54,3,22,4,54,3,22,4,54,3,3,20,32,84,3,63,3,3,54,63,3,163,3,54,4,4,54,4,63,3,3,54,3,3,20,63,3,3,54,3,3,20,4,54,55,3,20,32,84,3,20,32,84,3,4,54,3,4,3,55,54,3,20,32,84,3,7,57,169,61,20,32,84,3,3,7,57,169,61,4,54,3,20,32,84,3,20,32,84,55,33,7,3,7,57,26,29,54,20,32,84,3,33,7,3,7,57,26,29,54,55,52,20,17,52,20,3,7,20,52,20,17,20,3,71,7,31,3,7,85,11,17,6,20,17,7,20,34,28,9,24
3,6,20,37,11,33,6,17,25,7,31,3,6,17,7,20,34,28,9,42,29,7,11,37,11,52,20,7,34,28,9,11,40,3,7,99,22,31,89,29
37,11,43,43,7,20,34,28,29,17,7,3,3,44,11,3,7,26,29,17,6,181,35,36,35,3,3,6,3,3,36,7,20,34,28,29
37,11,3,17,6,3,35,37,36,7,3,3,6,3,7,8,29,3,31,37,7,26,9,30,35,37,7,40,20,32,9,42,29,36,11,3,44,4,54,3,7,3,3,6,3,7,20,32,29
3,31,52,7,31,11,3,6,182,3,35,35,3,6,3,156,3,6,3,156,36,35,3,36,11,35,3,54,3,17,6,3,3,54,3,36,35,3,36,36,7,107,7,24
43,43,7,31,37,20,6,35,3,6,3,6,4,3,54,3,36,7,20,34,28,9,24
3,3,17,7,20,3,20,47,4,35,20,17,7,99,4,36,35,36,11,11,3,11,3
47,17,35,55,13,4,36,35,3,17,36,11,3,11,3
66,20,32,29,6,31,3,7,12
37,15,61,25,6,3,7,20,32,29,6,72,57,26,9,103,7,11,19,37,7,3,7,64,29,35,37,11,40,40,3,54,36,44,20,44,3,3,7,3,7,19,3,7,58,29,6,31,3,7,12
12,37,31,3,3,11,26,29,3,7,8,29,101,31,55
33,37,35,43,8,24,36,7
67,67,6,3,3,6,3,6,22,7,26,9,42,29
3,20,31,37
47,3,35,3,6,3,6,4,36,3,3,6,3,20,3,20,3,17,7,20,20,3,20,5,6,3,6,4,5,6,3,6,4,5,6,3,6,4,3,5,6,3,6,4,3,3,6,3,6,4,3,6,3,6,4,63,54,3,3,11,3,4,11,3,11,3,3,11,3,6,3,15,31,20,21,3
3,20,3,20,17,7,20,3,20,20,3,6,3,6,4,35,3,36,3,6,3,6,4,3,6,3,6,4,63,3,3,3,6,3,6,3,35,3,36,3,54,3,54,3,3,54,3,54,3,35,3,36,3,6,3,6,4,55,4,19,3,7,20,32,137,3,54,3,4,20,32,84,3,19,3,6,3,7,20,32,137,20,4,19,3,7,20,32,137
20,6,37,7,3,7,53,132,7
3,4,19,3,6,37,6,17,7,20,32,137,3,3,6,4,3,13,3,5,6,3,6,4,5,6,3,6,4,3,6,3,6,4,3,6,3,6,4,3,6,3,6,4,3,6,3,6,4,3,6,4,3,6,3,6,3,3,6,3,3,3,3,3,3,5,6,3,6,4,6,3,20,54,3,6,3,6,4,6,3,20,4,5,6,3,6,3,3,3,5,6,3,6,4,3,3,3,3,3,37,3,37,3,3,17,3,17,3,6,3,3,6,3,3,13,3,13,63,3,3,7,3,163,3,13,3,13,63,3,3,5,6,3,6,4,6,3,3,20,5,6,3,6,4,17,6,3,3,78,65,71,35,36,5,6,3,6,4,17,6,3,3,6,3,3,35,36,5,6,3,6,4,17,6,3,43,6,3,3,35,36,3,6,3,6,63,43,43,6,3,3,35,36,3,55,20,32,84,3,35,36,4,17,6,3,3,6,3,35,36,47,3,3,3,35,36,4,54,3,20,3,35,4,54,3,3,20,3,35,36,4,54,3,37,6,20,20,3,35,36,36,20,3,4,54,63,3,5,6,3,6,4,6,3,4,6,3,3,6,3,17,3,6,3,17,5,6,3,6,4,3,20,32,84,3,3,17,3,3,3,3,3,17,3,17,63,55,3,37,3,37,3,6,3,3,3,19,3,7,20,32,137,3,54,3,47,6,3,3,3,20,32,84,3,19,3,6,3,7,20,32,137,20,47,6,3,3,3,19,3,7,20,32,137
20,6,37,7,3,7,53,132,7
3,47,6,3,3,3,19,3,6,37,6,17,7,20,32,137,3,3,6,3,3,3,55,54,3,54,3,55,54,3,54,3,44,3,3,163,17,6,3,163,17,3,3,17,6,3,3,17,63,3,63,17,3,17,3,3,3,17,3,54,43,6,20,3,54,43,6,20,17,65,17,6,3,65,17,6,3,17,20,54,55,54,3,20,54,55,54,3,17,3,54,63,54,3,54,3,3,54,63,54,3,54,3,17,3,17,3,3,13,63,156,3,3,13,63,156,17,3,163,17,6,3,163,17,3,6,3,6,4,17,4,54,3,17,6,3,4,54,3,17,40,3,40,3,17,99,3,6,3,17,6,3,99,3,6,3,17,3,71,3,156,71,3,156,17,3,6,3,3,6,3,17,3,54,3,17,6,3,3,54,3,17,3,20,3,20,3,17,3,54,77,52,17,6,3,3,54,77,52,17,3,6,3,156,5,20,17,3,6,3,156,5,20,17,17,3,6,52,20,3,6,52,20,17,3,3,13,3,3,13,3,17,3,17,3,156,6,52,20,3,156,6,52,20,17,4,67,3,22,7,13,4,67,3,3,17,3,17,3,3,6,52,20,63,54,3,7,8,3,6,52,20,63,54,3,7,8,17,63,17,6,3,63,17,63,3,63,17,3,17,3,3,3,17,3,6,3,3,6,3,17,3,17,6,3,3,17,3,17,6,3,3,17,3,17,6,3,3,17,63,63,17,3,3,17,3,7,26,29,3,3,7,26,29,3,17,3,50,28,29,3,3,50,28,29,3,17,3,17,3,17,3,54,3,3,54,3,17,3,5,3,7,8,3,5,3,7,8,17,3,54,3,3,54,3,17,4,13,3,3,4,13,3,3,17,3,3,3,17,3,13,3,6,20,3,13,3,6,20,17,3,17,6,3,6,3,17,6,3,6,3,17,3,6,3,156,17,6,3,3,6,3,156,17,3,54,3,3,54,3,17,3,13,3,6,3,3,13,3,6,3,17,3,17,3,17,3,13,3,6,3,3,13,3,6,3,17,3,54,63,17,55,54,55,44,3,7,8,29,20,3,3,17,3,17,6,20,3,17,6,20,17,3,6,3,3,6,3,17,19,3,7,3,31,138,19,3,7,3,31,138,17,63,63,17,3,3,13,3,3,3,13,3,17,4,13,3,13,3,17,3,17,3,7,8,28,9,3,7,8,28,9,17,47,3,44,3,3,50,28,29,3,6,3,50,28,29,3,6,3,17,3,31,3,3,31,3,37,3,156,6,69,31,6,3,156,6,69,31,6,17,3,54,33,17,6,3,7,183,54,20,32,84,3,54,33,17,6,3,7,183,54,17,3,6,3,3,6,3,17,3,54,3,3,54,3,17,3,6,3,156,5,20,17,3,3,6,3,156,5,20,17,3,37,3,6,3,156,3,62,11,3,3,6,3,156,3,62,11,3,17,3,3,6,3,3,6,3,17,3,17,20,3,3,3,17,3,20,3,20,20,3,3,54,54,35,3,6,3,6,4,3,6,3,6,4,36,7,20,5,3,3,3,6,3,6,4,47,3,6,3,6,3,5,6,3,6,4,7,3,13,32,29,3,3,5,6,3,6,4,7,3,13,32,29,3,3,5,6,3,6,4,7,3,13,32,29,3,3,5,6,3,6,4,7,3,13,32,29,3,3,3,3,141,3,3,141,17,6,3,3,17,6,3,3,47,6,3,3,47,6,3,3,43,6,3,3,43,6,3,3,43,6,63,3,43,6,63,3,63,3,3,63,3,3,17,7,3,7,32,29,3,3,17,7,3,7,32,29,3,3,3,7,3,13,21,3,3,3,7,3,13,21,3,3,3,3,7,3,13,21,3,3,3,3,7,3,13,21,3,3,3,6,5,59,54,20,59,7,3,13,32,29,3,3,3,6,5,59,54,20,59,7,3,13,32,29,3,3,3,17,3,3,7,20,34,28,9,24,3,3,7,20,34,28,9,24,3,20,3,3,17,3,3,32,9,42,136,61,19,3,7,92,28,29,20,44,6,20,3,19,3,7,92,28,29,20,6,20,20,20,3,7,20,32,9,3,21,22,7,52,8,32,137,7,11,5,7,31,69,136,61,3,20,3,21,22,7,20,32,137
66,11,5,7,31,69,136,61
3,3,3,3,7,20,3,3,3,44,6,20,3,3,20,20,19,3,7,20,20,19,3,6,37,6,17,3,20,33,20,17,7,20,17,7,20,21,5,20,19,3,3,7,38,39,3,7,60,20,5,7,20,21,3,6,3,7,20,143,9,11,19,3,7,20,21,20,3,3,7,20,21,20,3,3,7,20,21,3,3,19,3,44,11,99,22,11,3,7,20,21,3,3,37,6,3,6,3,7,12,37,6,3,37,3,7,20,34,28,29,3,6,20,96,3,19,3,44,37,6,20,6,20,37,6,20,3,7,20,34,28,29,3,7,90,3,20,20,17,6,3,20,17,3,3,13,3,3,7,3,7,20,3,3,7,99,3,3,3,44,6,20,20,3,3,44,6,20,20,3,6,3,20,3,6,20,52,20,175,20,55,13,3,3,44,20,17,55,44,52,20,3,33,7,20,32,9,24,52,3,6,20,20,17,19,3,7,20,32,9,24,3,6,37,6,20,20,3,6,20,3,3,7,20,3,21,3,7,20,3,5,3,6,20,5,3,19,3,6,19,17,7,6,20,20,19,17,7,6,20,20,19,3,44,6,5,3,3,3,53,28,29,3,3,7,6,3,3,19,3,6,20,3,19,3,7,20,20,3,3,6,3,20,3,7,20,19,3,6,20,17,3,20,17,3,52,6,3,52,3,17,67,17,54,54,54,54,43,17,3,54,55,54,43,17,3,3,3,3,3,3,3,3,3,3,3,3,3,47,4,17,3,17,3,20,3,43,17,3,67,17,43,17,43,17,43,17,173,173,173,55,173,173,173,173,173,173,55,173,173,3,3,3,17,43,17,3,43,17,63,17,3,17,54,54,54,54,54,54,43,17,3,17,3,5,16,3,3,3,43,17,3,43,54,4,17,3,3,17,67,68,17,63,17,54,43,17,3,43,17,54,54,54,54,54,54,54,54,54,54,54,54,54,54,54,54,43,17,43,17,3,43,17,67,17,54,54,54,54,54,54,54,54,54,54,54,54,54,54,54,54,43,17,54,3,67,17,3,17,54,54,54,43,17,43,17,43,17,3,43,17,3,3,17,43,17,3,43,17,3,3,3,3,3,3,3,3,3,3,3,17,3,3,17,54,20,54,5,3,43,17,3,3,3,43,17,43,17,54,54,54,54,54,54,54,54,54,54,54,54,54,54,54,54,54,54,54,54,54,54,54,54,43,17,3,43,17,3,3,3,3,3,43,17,3,3,17,3,17,54,54,54,54,43,17,3,3,47,3,17,3,25,3,67,17,17,4,55,3,3,17,17,3,3,3,17,20,7,20,21,20,7,20,3,20,3,17,35,3,31,5,3,20,3,20,7,52,20,120,9,20,3,101,36
3,31,3,20,20,3,6,3,7,20,5,174
20,6,3,7,20,34,39,37,7,69,137
5,31,20,3,7,20,32,9,175
3,44,55,44,20,3,20,3,20,17,44,20,3,3,6,3,6,4,3,6,3,6,4,3,6,3,6,4,3,7,20,34,28,9,24,3,3,7,20,34,28,9,24,3,3,7,20,34,28,9,24,3,3,7,20,34,28,9,24,3,3,7,20,34,28,9,24,3,3,7,20,34,28,9,24,3,5,6,3,6,4,43,6,3,3,43,6,3,43,6,63,3,3,6,3,3,7,3,13,32,29,3,3,7,3,7,32,29,3,3,7,3,13,32,29,3,3,7,3,13,32,29,3,5,54,3,3,3,3,3,3,3,3,3,3,3,3,3,3,3,3,3,3,3,3,3,3,3,3,3,3,6,3,6,4,3,54,55,20,20,3,6,3,6,4,3,6,3,6,4,3,6,3,6,4,3,3,3,3,35,55,35,36,36,3,7,20,20,7,20,5,34,20,5,34,20,35,3,6,3,6,4,36,6,33,6,3,44,31,35,3,6,3,6,4,5,34,20,3,6,3,6,4,5,34,20,36,7,176,175
35,3,6,3,6,4,36,3,3,6,3,3,3,6,3,3,3,6,3,3,4,54,4,4,54,4,3,3,20,43,17,3,3,20,17,47,20,3,47,3,3,3,6,3,3,3,3,3,3,11,63,63,3,3,3,3,43,43,3,3,3,3,35,5,6,3,6,4,5,6,3,6,4,36,35,17,36,3,3,3,3,3,3,7,20,3,3,3,3,7,20,35,3,6,3,6,4,36,35,10,6,3,6,4,11,3,43,36,31,11,37,7,20,34,28,29,4,54,3,6,3,3
35,5,6,3,6,4,5,6,3,6,4,36,35,37,36,6,3,7,69,11,3,7,31,5,6,3,7,20,32,29,3,4,5,6,3,6,3,7,11,37,71,7,31,3,3,7,8,9,52,3,7,90
3,13,5,11,3,7,31,5,16,3,3,13,3,7,53,28,9,24,7,11,3,7,41,28,29,20,7,22,13,26,9,24,3,13,31,69,11,37,7,20,7,20,32,9,41,28,29,37,71,6,3,31,7,5,16,20,7,41,28,9,30,11,4,7,37,13,21,20,3,17,31,3,3,6,3,44,11,3,7,41,28,29,3,6,3,6,25,7,20,21
66,37,71,7,31,63,13,3,13,3,13,3,44,11,3,7,20,21,3,7,20,21,37,11,3,3,6,20,71,44,41,39,35,3,6,3,3,6,3,36,7,3,71,44,20,21
3,5,11,37,7,31,37,6,3,13,3,7,3,7,20,34,28,9,30,11,3,31,40,4,54,3,7,8,9,24
35,5,6,3,6,4,36,13,184,7,12,3,44,11,3,44,5,16,3,7,20,34,28,9,3,7,38,28,9,30,11,3,13,8,29,3,59,7,37,44,5,16,20,13,20,3,7,76,7,24
3,3,3,3,3,20,15,20,15,20,34,28,29,3,20,34,28,29,3,60,61,62,3,3,3,13,3,3,13,3,20,54,20,20,54,20,3,17,3,17,3,3,20,3,20,3,20,3,20,3,3,20,3,20,3,3,3,3,17,7,20,3,3,20,20,3,35,4,6,20,11,17,36,3,13,40,11,35,3,6,3,6,4,36,31,66,4,54,3,7,37,13,21,3,3,13,6,20,7,20,6,22,7,26,9,30,11,37,71,7,31,40,37,6,17,6,3,7,3,7,19,20,7,53,9,24
19,17,6,3,3,11,4,13,3,17,6,20,21,55,67,3,6,3,63,55,67,6,3,7,12,3,35,25,6,4,3,43,47,4,3,36,6,3,7,69,11,19,43,7,12,3,71,5,16,3,7,70,29
4,31,3,6,37,11,3,6,3,4,44,4,7,18,11,3,7,41,28,29,67,6,3,7,85,3,7,113,61,29
37,6,3,7,31,3,3,6,67,52,20,7,69,11,19,25,31,3,7,8,9,3,7,27,28,11,3,17,6,3,31,3,17,7,2,3,7,26,29
4,7,3,7,12,15,6,3,44,35,3,6,3,6,4,36,6,3,13,11,3,3,6,4,13,3,13,6,3,11,3,13,3,13,163,3,6,3,15,31,11,19,3,6,3,7,20,7,8,9,24,22,13,8,39
77,19,3,6,3,6,17,6,3,11,4,31,3,7,20,32,9,42,29,3,3,7,27,28,9,11,19,3,7,3,71,3,44,58,9,24
3,7,31,3,3,6,3,6,90,3,17,7,69,11,3,3,7,20,37,13,26,9,42,29,25,7,11,3,31,19,3,6,17,7,37,53,28,9,42,29,6,7,12
3,17,6,3,6,3,6,3,7,31,3,37,7,12,19,3,7,53,28,9,30,11,33,7,3,7,8,9,3,6,3,7,116,44,3,6,17,7,26,29,22,13,8,39,20
66,3,101,11,4,7,3,44,3,7,20,7,185,11,3,7,3,6,47,7,99,13,11,40,3,17,6,75,16,3,3,7,26,9,42,29
66,3,71,78,3,6,3,6,3,31,11,52,3,7,3,20,17,7,3,7,3,7,185,11,19,3,7,4,13,4,11,19,3,6,3,6,17,15,7,3,7,64,9,26,9,91,29,25,6,3,7,52,20,32,29,22,7,12
20,15,20,15,17,7,20,20,15,20,37,7,35,5,6,3,6,4,5,6,3,6,4,36,7,20,32,9,40,3,13,26,29,4,54,4,31,11,19,3,6,3,7,8,9,3,6,20,7,42,29
4,7,35,4,36,6,20,17,7,12,3,7,17,29,3,6,3,6,25,7,31,11,77,5,16,3,7,26,9,42,84,9,11,3,7,14,8,7,85,42,9,24,22,7,92,28,9,30,11,66,19,3,15,7,31,77,7,20,7,20,32,29
3,6,35,3,7,8,11,66,4,7,33,7,53,29,22,36,44,3,7,4,7,20,32,29,6,31,11,55,6,3,7,70,29,3,3,7,70,29,135
3,6,20,6,3,7,20,32,29,6,7,3,6,20,7,70,29
4,31,40,11,3,6,3,7,20,32,29,4,54,3,7,40,20,7,64,29,13,8,39,7,11,63,31,5,7,3,7,19,20,7,26,29,6,7,12
19,25,4,31,3,3,7,41,186,9,120,132,11,63,6,20,7,8,9,20,17,6,3,31,77,69,136,61
3,6,20,13,52,3,17,7,6,20,7,38,28,137
4,54,47,20,32,84,3,4,54,47,35,3,17,36,13,3,3,6,35,3,6,3,36,6,3,7,20,32,29,4,54,4,54,3,3,15,7,26,29,7,11,33,31,3,7,50,89,29
37,11,4,31,63,7,11,33,7,37,20,7,53,9,24,20,17,37,44,11,3,71,17,6,20,17,7,3,7,109,44,3,7,20,32,11,3,7,77,35,3,7,8,9,31,36,44,3,6,22,7,19,20,7,53,39,22,7,26,29
20,63,6,23,29,3,4,35,3,36
3,17,7,31,40,3,6,3,7,3,7,99,3,7,53,28,9,42,29,35,3,31,20,101,36,3,13,40,11,37,31,4,31,3,44,22,5,7,20,7,8,63,7,77,34,28,29
66,3,6,25,7,3,13,12,4,7,11,63,31,37,3,7,27,28,9,42,29,6,29,7,11,3,7,3,32,9,42,29,4,31,19,3,7,37,5,6,20,7,92,28,9,24
19,25,7,63,31,4,6,3,7,20,7,8,9,30,11,3,6,3,7,8,9,108,35,3,13,3,36,6,8,7,20,21,15,32,29
77,63,31,11,35,3,7,26,29,3,36,7,20,21,3,6,65,3,44,3,7,20,32,11,4,31,33,7,8,9,19,3,7,40,20,32,9,24
19,20,34,28,29,3,31,17,7,26,9,40,20,34,28,29,35,20,20,34,28,29,3,20,34,28,29,3,7,20,36
17,6,3,7,31,11,4,31,47,7,3,6,37,6,3,7,26,9,24
66,63,7,40,20,32,9,42,29,3,3,6,20,31,8,11,3,7,3,6,20,17,7,63,7,26,29,4,31,11,37,6,3,7,26,9,35,3,6,3,6,4,36,7,20,21,15,17,2,37,92,39,22,7,26,29
66,3,6,3,7,20,34,28,29,35,3,6,3,6,4,36,31,77,7,3,7,69,11,3,6,20,7,3,7,41,84,20,7,41,28,29
20,7,17,6,17,7,65,71,15,7,69,11,37,31,65,71,31,99,22,57,17,7,8,42,11,4,7,20,32,29,17,15,7,65,71,25,6,35,3,6,3,6,4,36,7,41,28,9,24
20,34,28,29,3,20,34,28,29,3,17,7,20,20,34,28,29,3,20,20,20,34,28,29,20,3,6,37
20,6,20,31,4,6,3
20,6,75,7,11,63,31,35,3,7,26,29,3,36,6,3,44,3,7,20,32,11,37,97,7,4,7,19,3,7,20,34,28,9,24
19,22,7,77,26,9,3,7,187,9,142,6,72,41,84,32,11,66,20,44,31,77,57,84,11,44,6,7,11,4,3,6,3,7,20,34,28,29,63,6,20,7,70,29
19,3,31,4,6,3,6,3,7,58,29,4,6,3,35,17,36,7,53,28,9,24,15,7,11,19,20,34,28,29,3,7,19,75,16,22,7,70,29,6,72,31,40,33,7,31,41,28,84,25,7,70,29
66,17,7,26,9,11,19,20,3,6,20,17,7,3,6,3,7,20,34,28,11,33,44,40,3,7,92,28,29
3,31,3,6,3,7,69,3,72,5,29,7,11,3,31,3,17,6,3,6,3,6,3,7,19,3,7,92,28,29,22,7,12,44
19,3,31,37,3,7,31,20,34,28,20,34,28,9,24,35,3,17,7,31,47,4,17,35,52,78,3,6,3,6,4,36,7,3,36
19,3,31,63,6,3,6,3,7,32,9,11,78,3,6,3,6,3,6,37,7,70,29,22,13,20,34,28,9,42,29,7,11,3,6,20,44,11,77,7,31,78,3,6,3,7,26,9,42,29,22,7,12,22,7,26,29
63,13,3,31,35,3,36,13,20,32,9,42,29,7,35,19,25,20,6,3,13,31,40,40,3,70,29,6,29,13,20,34,28,9,91,29,36,11,77,7,31,20,32,29,3,13,12,75,16,2,22,7,31,84
4,7,3,6,3,13,3,29,25,11,71,6,3,7,188,61,13,21,3,6,3,7,11,35,3,36,6,2,25,20,7,23,29,4,7,58,11,33,6,20,7,23,9,102,44,3,7,11,180,6,35,3,36,31,5,16,3,7,32,29,11,3,6,69,6,75,16,3,7,32,29,22,13,20,34,28,9,24,35,37,31,3,7,92,28,9,24,36
66,3,3,13,138,3,35,3,31,5,36,31,65,71,38,28,9,24
35,3,6,3,36,7,20,21,78,3,31,77,7,57,15,2,3,7,69,11,4,7,63,6,20,7,8,29,6,31,11,19,3,7,57,21,20,31,70,29,13,20,99
20,34,28,29,3,31,63,7,20,32,29,25,11,35,3,6,3,6,4,36,6,52,6,3,7,8,9,3,7,23,9,24,11,44,6,7,3,6,40,20,32,29,3,7,12,7,11,66,33,31,4,7,3,7,53,9,20,7,109,37,7,70,29,25,7,12,13,31,8,39
60,61,62,3,17,7,20,60,61,20,3,6,43,3,6,43,6,37,11,3,6,37,7,3,7,26,9,42,29,4,31,11,3,17,7,23,9,119,29,3,6,63,7,69,11,40,3,7,3,7,20,17,7,99
19,20,7,3,6,25,6,3,7,20,32,9,24,25,7,11,4,31,77,7,3,7,8,9,3,6,3,7,76,7,103
3,6,25,6,3,6,37,7,31,11,3,6,3,7,20,7,86,9,26,9,24,7,11,37,33,7,31,4,6,3,7,53,132,11,4,31,33,7,8,13,32,9,27,39
4,31,3,3,7,27,28,29,3,6,25,6,3,35,3,6,3,36,7,3,7,60,22,44,26,29,3,11,3,7,8,9,125,35,78,3,3,6,3,6,17,36
4,31,3,7,169,61,13,21,7,11,3,7,4,6,20,7,64,9,65,71,31,4,7,17,6,37,7,58,9,103
19,25,7,4,31,12,3,54,7,53,28,29,3,7,185,3,11,3,13,3,15,13,3,7,60
33,7,4,15,6,3,7,26,29,3,6,3,7,69,11,4,31,40,52,3,7,90,22,44,3,7,14
3,7,23,29,4,31,47,13,3,7,3,17,6,75,7,41,28,29,3,7,8,9,19,3,37,7,3,3,7,26,9,24,22,7,69,11,3,6,3,6,20,7,3,31,3,44,20,21,22,7,99,35,78,3,8,29,55,36
3,6,3,35,63,36,13,26,29,4,31,11,3,6,3,7,3,90,25,7,3,7,31,41,84,25,7,3,7,10,11,3,7,8,29,3,11,3,11,3,11,40,3,7,109,3,35,3,31,53,84,7,11,40,5,16,3,13,12,36,13,3,21
40,41,84,25,7,77,3,6,3,7,8,29,4,31,11,5,16,3,13,65,17,25,7,69,11,33,7,5,16,3,6,3,6,3,7,20,34,39
37,65,17,7,26,29,4,31,11,33,7,12,13,3,6,3,7,41,57,12,35,3,6,3,36,7,69,11,66,3,13,3,7,12,7,11,3,7,8,29,25,7,4,7,35,3,36,7,12,22,7,58,29,3,31,8,9,105,9,103,35,78,3,3,6,3,6,3,17,36
77,65,17,7,26,29,4,31,11,71,6,3,7,3,6,3,7,12,3,13,3,13,3,7,109
33,31,4,7,76,7,24,3,6,47,7,8,11,4,31,47,6,3,6,25,6,3,7,53,84,6,29,13,8,29,3,11,3,6,3,7,8,29,3,44,20,6,20,7,37,11,40,3,6,25,7,11,20,32,9,91,29,5,16,3,7,8,9,8,9,105,9,103,35,78,3,3,13,3,36
33,7,11,52,3,6,85,44,3,6,3,7,92,28,9,108
4,31,122,29,3,6,3,6,3,7,8,9,30,11,33,7,11,3,31,37,7,52,3,7,8,9,42,9,3,6,22,7,20,32,9,24,6,29,44,5,16,20,7,92,39
66,65,17,7,3,7,47,7,99,13,11,5,7,3,31,3,7,3,7,53,11,17,31,3,17,6,3,7,12
19,5,16,17,7,31,11,4,7,3,7,12,22,7,123,61,13,21,13,26,9,33,15,3,7,12
4,31,40,3,7,8,9,3,7,107,7,24,3,7,85,11,3,7,50,39,25,7,3,7,107,13,11,3,7,76,13,32,29,3,11,77,41,84,25,7,22,6,3,7,12
4,31,3,7,109,22,7,32,11,8,9,115,3,7,66,41,84,25,7,3,7,99,35,78,3,3,13,3,36
19,3,31,3,6,3,7,69,11,3,6,3,7,12,63,7,12
33,31,5,16,3,7,4,7,20,20,7,32,11,3,31,3,7,97,16,20,7,8,9,109,22,7,99,6,29,44,22,7,12
4,31,35,3,6,3,36,7,33,7,20,32,9,103,7,11,33,6,22,7,12,13,11,19,3,7,19,20,3,7,12,35,78,3,63,36
20,3,7,26,29,25,11,3,6,3,7,3,6,47,6,52,3,7,99
4,13,3,6,47,31,11,3,6,65,17,35,3,36,7,6,3,7,8,9,40,65,17,6,3,35,3,36,7,121,3,7,18,11,66,3,44,64,9,24,3,13,3,13,163,3,7,20,21
3,13,163,3,31,3,6,3,6,3,7,3,7,8,148,29,3,3,3,7,20,32,11,4,7,33,7,12,3,7,92,39,7,11,17,7,19,3,6,3,7,85,42,11,4,31,19,3,7,8,9,71,6,3,7,99,35,78,3,3,13,163,3,36
3,7,90,13,4,6,22,7,3,6,3,13,3,6,3,7,122,9,11,4,44,20,7,99
20,32,29,3,6,3,31,4,7,71,6,3,15,123,61,13,3,11,20,3,6,52,3,13,3,3,6,3,44,3,6,5,16,5,16,20,7,20,32,9,3,6,3,7,20,32,11,66,2,17,7,26,9,4,13,99,35,78,3,3,6,20,7,189,36
71,6,3,7,26,29,4,31,11,3,6,3,7,3,7,26,9,24,22,7,85,11,3,7,3,7,8,29,22,7,12
66,40,3,6,3,7,3,6,3,13,3,6,3,7,26,9,30,11,65,17,31,3,6,3,7,109,25,7,11,35,3,7,3,7,14,13,3,31,65,72,36,44,5,16,20,7,3,7,4,7,109
65,17,7,8,9,12,13,5,7,3,7,53,11,4,7,33,7,12,13,4,6,25,6,3,20,7,12
66,126,28,9,91,29,20,31,33,31,20,7,90,13,40,53,28,9,95,11,4,31,33,31,99,22,7,53,84
4,7,20,7,123,61,13,21,13,11,3,13,3,17,7,20,32,37,17,31,52,20,7,12
3,3,7,58,29,4,31,11,57,26,29,3,6,3,7,99,35,78,3,4,3,36
66,3,7,12,13,11,19,3,31,5,7,3,6,63,7,12,35,78,3,12,13,78,3,99,13,20,36
4,31,40,3,7,53,9,42,29,135,13,69,11,3,17,7,3,8,29,3,11,19,3,31,40,3,6,3,124,29,6,72,11,66,3,6,47,6,3,124,29,6,72,13,20,21,35,78,3,33,6,3,124,29,54,36
3,3,17,7,20,3,20,20,4,7,20,3,6,20,7,20,21,25,7,20,32,29,3,35,3,6,3,36,44,4,6,20,31,3,3,6,3,7,64,29,22,44,27,28,9,30,11,3,71,6,3,7,31,19,17,7,20,21,11,4,44,3,13,3,6,20,7,20,34,28,9,24
33,7,81,9,11,3,6,3,35,63,36,7,12,4,31,11,3,20,35,3,17,7,53,9,3,7,3,3,11,3,7,3,3,36,7,3,6,3,13,18,11,71,6,3,7,3,44,3,17,35,3,7,31,3,7,12,22,44,36,90
33,7,5,16,3,13,18,9,3,15,76,7,95,11,3,7,26,9,3,7,20,35,3,35,20,54,12,36,55,36,32,29,25,11,3,3,7,3,6,3,7,17,20,21,44,22,7,12
66,19,20,7,31,3,6,3,3,7,4,7,35,20,36,35,63,36,21,13,26,9,24,7,11,77,6,3,6,3,7,19,3,7,12,22,7,31,84
77,31,19,3,44,11,3,6,3,6,20,7,20,34,28,29,3,6,20,3,7,20,34,28,9,42,29,7,11,40,20,6,22,13,12,25,72,17,6,17,7,20,34,28,11,69,7,4,6,3,7,20,34,39,75,7,26,29
19,3,7,20,34,28,9,24,75,7,11,3,6,3,7,77,64,9,24,6,31,3,6,3,15,7,11,3,13,3,6,3,6,20,15,31,5,7,41,28,9,31,42,84
19,3,6,3,31,11,3,13,3,35,3,36,6,3,7,77,184,7,12,44,17,7,11,3,44,3,71,6,40,37,6,3,15,20,32,9,24,13,8,39
3,3,17,7,20,3,20,5,31,35,3,6,3,6,4,6,3,3,6,3,6,4,6,3,36,7,20,20,3,13,3,3,7,31,3,7,92,28,89,29,3,4,5,6,3,6,3,31,11,3,71,7,31,3,6,20,6,25,7,35,3,13,40,37,36,13,20,32,9,30,11,40,3,7,37,17,6,3,7,26,9,24,22,13,53,39
3,7,40,20,21,3,44,31,11,52,7,3,13,3,13,3,7,53,29,3,17,3,17,13,37,3,37,3,7,24,7,11,3,3,7,33,13,92,28,9,24,22,7,31,57,11,4,31,33,13,6,20,7,31,27,84
3,7,3,13,32,29,3,71,7,31,11,37,3,13,3,6,3,66,47,11,66,3,6,3,44,11,3,6,3,7,40,3,7,53,29,3,7,20,21
3,6,3,13,3,7,8,9,108,4,6,3,3,35,63,36,13,3,3,35,63,36,6,3,31,66,11,67,7,12,3,6,3,7,20,32,29,22,7,12
3,6,3,6,3,31,11,3,13,3,13,3,11,3,13,3,13,163,3,15,11,184,7,26,9,20,21,3,7,2,17,7,60,22,7,99
33,13,63,31,33,31,3,7,14,3,7,69,11,4,6,20,44,22,7,31,84,7,11,3,97,7,27,28,29,63,6,3,44,3,3,31,37,6,33,6,20,20,7,2,20,7,53,9,24,22,13,53,39
3,35,5,6,3,6,4,36,13,5,11,37,71,6,3,6,25,6,33,72,31,11,4,13,4,54,3,6,3,6,5,16,3,7,3,7,32,13,20,32,29,22,13,20,34,28,9,24
66,78,3,7,20,21,35,109,3,36,6,25,6,3,35,4,36,13,3,35,63,36,31,11,4,54,3,6,3,6,3,3,13,3,7,20,32,9,24,13,53,39
4,7,20,97,16,11,20,97,6,3,6,3,31,11,40,4,54,4,3,7,3,7,32,29,3,13,8,28,9,30,11,35,3,6,3,36,31,3,3,6,3,3,3,3,7,3,7,32,9,24,6,7,31,84,72,13,50,28,9,24
3,13,3,3,13,3,17,7,20,3,13,3,20,20,35,3,6,3,36,3,7,20,34,28,9,24,3,13,3
40,3,6,84,22,31,3,7,60
35,5,7,69,6,84,3,6,20,3,7,53,28,9,24,20,3
4,6,3,20,6,3,13,26,29,4,54,3,13,6,3,7,58,11,101,6,3,7,65,17,6,17,7,8,37,29,22,7,85,9,11,3,6,3,7,3,7,8,9,190,13,99,3
35,3,6,3,3,6,3,36,54,78,3,7,11,3,6,3,7,76,29,4,7,3,6,25,7,12,3,7,12,3
4,6,20,7,69,11,19,25,6,78,3,31,17,11,4,7,3,6,25,7,11,2,3,17,6,25,7,26,9,42,29,3,17,20,17,6,25,7,40,53,9,24
3,17,3,17,7,20,32,29,20,5,16,3,7,11,4,31,3,7,26,29,9,20,7,20,53,132,11,78,3,7,63,7,19,20,7,20,21,22,7,12
3,31,3,7,76,7,24,135,3,6,53,84,3,35,63,36,7,3,7,20,21,44,75,16,3,7,11,3,3,6,3,7,12,7,11,20,6,3,31,26,9,42,84
3,3,6,3,44,41,28,9,30,11,5,16,3,7,5,7,20,34,28,11,66,3,31,37,41,28,9,24
35,3,13,3,13,3,36,54,78,3,7,20,34,39,3
3,13,3,44,3,191,65,17,7,3,44,20,7,21,22,7,12,7,11,33,7,5,16,3,7,122,29,25,7,61,13,67,7,12,11,44,3,7,11,3,7,31,19,3,7,64,9,3,7,20,21
19,3,6,3,20,31,3,6,37,15,12,7,11,4,7,3,71,7,20,32,29,22,7,57,41,39,75,7,26,29
20,35,3,13,3,36,35,3,13,3,36,54,78,3,7,3,7,4,7,20,32,9,24,3
77,72,3,6,38,84,37,7,11,85,10,9,14,3,13,3,7,11,3,6,3,17,7,20,7,108,75,7,64,9,193,9,11,19,3,17,7,3,7,37,8,9,103,11,44,3,6,3,3
3,31,20,17,6,3,31,77,69,136,61
3,6,20,13,52,3,17,7,6,20,7,38,28,137
4,54,77,52,20,32,84,3,35,3,17,36,6,3,35,3,6,3,36,7,8,29,22
4,54,63,31,19,3,6,3,13,3,44,8,7,20,32,11,40,4,31,3,6,3,7,35,3,97,7,20,5,16,36,3,72,3,3,7,21,44,3,17,7,20,32,29,7,11,63,31,37,3,7,98,29
35,63,36,54,78,3,7,20,34,39,22,7,11,5,7,40,41,28,9,24,2,3
35,63,36,7,3,7,8,9,17,7,41,57,12,11,44,3,7,11,77,31,35,3,36,7,20,13,21,3,8,3,6,65,71,7,70,29
3,3,7,31,3,7,3,59,32,29,63,7,3,6,3,7,69,11,3,6,3,7,19,3,7,8,9,20,21
20,35,3,6,57,12,3,7,20,3,6,57,12,3,7,20,78,3,7,63,7,37,7,4,7,27,39,3
3,6,3,44,3,7,8,9,12,7,33,7,3,7,177,61,13,28,132,11,3,15,7,3,16,3,7,14,9,3,7,23,9,115,11,44,40,41,84,3,7,11,3,6,3,7,3,7,8,29,25,7,77,40,3,3,7,8,9,12
4,6,3,3,4,54,47,31,11,19,3,7,3,6,4,6,3,25,7,3,6,71,13,58,9,24
3,31,11,19,3,7,20,7,53,9,24,5,17,7,12,22,44,11,3,37,6,3,3,6,35,3,6,43,36,7,20,32,9,24
66,19,3,6,5,16,69,114,31,11,63,6,5,16,3,6,3,13,11,4,6,20,6,20,7,12,19,3,3,6,69,114,7,20,32,9,24,13,6,20,7,12
35,3,13,3,13,163,3,36,54,78,3,7,20,34,39,3
3,13,163,3,7,3,7,8,9,3,7,18,11,3,13,3,3,7,53,28,9,3,7,92,28,29,11,44,3,7,11,3,3,7,31,19,3,7,3,7,20,32,11,3,3,7,12,3,7,4,7,99,22,7,12
19,3,31,3,37,6,67,13,43,6,20,6,22,7,64,29,22,13,50,28,9,24,35,3,31,67,6,11,163,3,31,43,6,3,7,99,3,36
20,35,3,6,3,7,8,9,36,35,3,6,3,7,8,9,36,54,78,3,7,11,3,6,3,7,37,7,4,7,12,2,3,20
3,31,11,3,6,3,7,8,29,8,29,3,7,33,6,3,6,3,7,8,9,11,3,31,3,7,3,6,3,7,12,29,13,11,3,7,3,7,8,9,3,17,7,12,44,19,20,7,21,7,11,3,6,22,31,3,6,20,6,22,7,3,7,50,28,9,42,9,65,71,31,92,186,9,120,132,11,19,25,8,29,3,31,109,20,7,21,44,22
19,3,31,4,7,17,7,35,3,36,44,3,7,3,7,20,32,29,35,3,6,84,3,7,36,44,3,7,20,32,29,22,7,26,9,30,11,77,31,3,6,3,35,20,13,20,36,6,3,6,3,7,70,29
3,6,3,7,5,7,20,32,29,13,20,21,19,17,6,3,7,11,4,31,35,19,37,7,33,7,141,3,36,44,17,6,3,40,29,13,14,7,11,19,17,31,20,17,6,3,31,77,69,136,61
3,6,20,13,52,3,17,7,6,20,7,38,28,137
3,20,32,84,3,35,3,17,36,6,3,35,19,3,6,3,36,7,47,54,4,54,3,47,54,4,54,3,7,17,7,8,29,22,7,11,35,3,6,3,7,20,6,3,6,3,13,3,20,31,3,6,3,7,26,9,24
35,55,11,4,6,3,7,20,78,3,7,11,3,6,3,7,4,6,3,7,3,6,3,6,20,3,44,109,2,3
20,3,44,40,41,28,9,24,3,35,20,17,6,3,31,77,69,136,61
3,6,20,13,52,3,17,7,6,20,7,38,28,137
3,11,3,20,32,84,55,11,3,35,3,17,36,36,6,3,7,11,3,31,3,6,3,6,3,3,7,3,17,8,29,44,22
35,3,6,3,44,4,31,64,29,20,78,3,7,11,3,13,26,29,4,7,3,7,12,13,25,7,8,9,108,17,7,11,3,4,6,3,7,6,8,7,3,7,5,7,99,44,22
19,17,31,3,6,3,35,3,6,3,36,7,20,21,35,4,54,3,36,44,3,6,3,7,26,9,24
20,17,6,3,31,77,69,136,61
3,6,20,13,52,3,17,7,6,20,7,38,28,137
4,54,3,20,32,84,3,35,3,17,36,31,5,3,101,7,47,3,44,64,29,20,17,6,3,31,77,69,136,61
3,6,20,13,52,3,17,7,6,20,7,38,28,137
4,54,3,20,32,84,3,35,3,17,36,6,22,7,11,19,3,31,33,6,3,7,99,3,7,12
35,37,7,11,33,7,53,93,9
20,78,3,7,11,3,13,26,29,4,6,25,6,3,20,3,7,3,6,3,7,60,3,17
3,15,53,28,11,3,7,109,22,7,53,11,17,31,41,132,20,7,53,11,3,7,99,15,31,57,40,3,7,26,9,24,7,11,19,3,3,31,5,7,99,22,7,53,84,11,44,22,7,11,3,3,7,31,20,34,28,84,7,3,31,3,3,7,12
19,3,6,3,31,11,17,6,35,3,37,36,44,3,6,3,17,7,11,3,6,22,13,19,3,44,3,6,3,7,20,34,28,29
19,3,6,3,31,3,3,6,20,32,29,22,7,4,7,20,32,29,22,7,12
35,12,3,6,3,7,3,31,20,3,7,27,28,9,24,3,3
40,6,3,6,22,7,40,58,9,11,33,7,40,2,37,13,69,11,4,31,40,3,44,31,53,57,26,29,13,85,9,11,3,7,35,3,31,3,7,57,9,33,7,194,61,72,36,13,12
19,3,31,3,3,35,63,36,7,69,11,37,6,3,3,6,3,6,65,71,7,8,9,115,13,3,6,3,35,4,54,55,36,13,12
20,54,20,20,54,20,17,7,20,20,54,20,20,47,4,47,4,31,35,20,6,2,20,17,20,6,2,20,17,36,35,17,36,6,52,3,6,25,7,11,3,6,3,6,3,7,12,3,44,35,4,35,8,36,9,11,19,3,7,67,3,11,35,3,36,3,4,7,26,29,3,6,3,13,19,3,6,25,36,13,58,9,30,11,35,3,6,3,6,4,36,7,76,7,42,29,22,7,50,39
4,20,17,7,31,12,3,6,3,47,4,3,47,4,31,11,33,13,19,37,7,27,28,29,35,3,3,6,37,3,3,6,37,36,6,25,6,11,3,3,7,27,84,25,7,3,6,25,7,24,44,75,16,3,15,7,35,3,6,3,6,4,36,13,6,20,17,7,58,9,24
3,6,3,31,17,25,11,3,6,8,7,64,9,35,3,6,3,6,4,36,6,78,3,35,63,36,7,20,32,9,24
66,19,3,7,50,28,9,24,35,3,6,3,36,44,4,63,31,35,3,7,23,9,24,36,44,77,5,7,12,13,8,11,3,17,6,3,6,25,7,11,3,97,20,7,41,84,3,6,3,7,12,44,20,32,29
25,6,3,6,3,3,31,11,35,20,6,3,17,20,32,84,3,20,6,3,17,36,35,17,36,78,3,44,19,3,44,35,3,6,3,36,6,17,7,64,9,30,11,19,25,7,3,31,3,7,53,39,3,6,3,7,35,3,6,3,36,7,171,35,20,20,17,3,17,6,3,36,7,12,13,20,32,11,4,6,35,35,40,3,6,36,3,36,13,6,3,7,8,9,24
35,3,6,3,6,4,36,31,11,3,59,44,31,35,5,6,3,6,4,36,7,19,3,7,8,13,11,35,5,6,3,6,4,36,13,6,37,3,6,20,7,41,28,13,44,22,31,50,28,9,24
66,3,6,3,3,35,3,6,3,6,4,3,6,3,6,4,36,31,11,3,31,35,5,6,3,6,4,36,29,7,11,35,3,6,3,6,4,36,6,3,13,3,7,20,21,37,11,3,6,3,3,6,3,6,3,7,3,6,3,6,33,7,8,39,15,32,9,24
35,3,6,3,6,4,36,3,6,3,59,6,3,44,31,11,4,54,3,20,32,84,3,20,6,17,6,3,3,35,4,54,3,54,47,3,20,32,84,55,36,15,7,12
66,17,6,47,6,3,3,35,4,6,3,4,6,3,36,31,11,63,63,6,3,7,35,3,6,3,6,4,36,6,3,7,26,29,22,7,12
66,19,3,7,31,3,7,31,57,3,7,3,7,32,9,24,35,5,6,3,6,4,6,3,3,5,6,3,6,4,6,3,3,31,20,36
40,35,3,6,3,6,4,36,7,12,37,6,20,7,31,25,6,75,16,22,7,12
66,20,54,20,15,6,22,13,3,15,6,3,15,31,14
3,7,8,29,35,4,36,3,7,12,22,44,31,20,5,6,3,6,4,5,6,3,6,4,20,7,20
3,20,32,84,3,6,3,17,35,3,36,35,3,6,3,6,4,36,35,17,36,3,6,3,35,3,54,55,36,35,37,36,4,54,3,71,44,3,31,3,3,6,3,35,3,13,3,36,7,20,7,8,9,30,11,35,63,36,35,63,36,15,6,20,3,7,3,7,20,21
47,4,47,4,6,3,35,3,6,3,6,4,47,4,3,6,3,6,4,36,35,37,36,3,71,7,3,7,32,29,52,3,6,3,3,7,11,20,7,20,32,29,3,7,64,29
19,3,17,7,31,11,4,6,17,3,7,6,20,31,50,28,9,24
3,6,3,3,35,5,16,20,36,35,35,3,3,3,6,17,3,3,3,6,17,36,3,11,17,36,35,3,6,3,6,4,36,78,3,7,3,6,3,7,20,21,3,7,11,4,6,3,7,3,3,6,3,15,7,20,34,28,9,42,84,3,7,3,7,32,29,22
47,4,47,4,6,3,20,3,35,3,6,5,16,3,36,35,37,36,3,6,3,6,3,17,44,3,7,12,3,7,11,78,17,7,35,3,13,3,36,35,47,4,20,32,84,3,47,4,17,36
47,4,47,4,6,3,35,3,6,3,6,4,47,4,6,3,3,6,3,6,4,36,35,17,36,3,17,7,20,21
3,17,3,17,17,7,20,3,17,20,35,3,17,5,6,3,6,4,5,6,3,6,4,3,17,36,31,20,3,7,6,3,6,20,31,11,26,9,24,25,7,31,37,35,63,63,17,36,11,35,3,3,36,35,4,17,36,7,20,34,28,29,47,4,47,4,17,35,3,3,54,3,3,36,7,3,7,11,35,5,6,3,6,4,36,6,3,17,35,4,17,35,4,3,36,17,36,7,31,2
47,6,17,31,3,7,5,16,17,7,31,57,11,47,6,20,7,3,6,3,26,29,20,54,3,7,2,22,7,11,3,6,3,31,35,4,35,4,36,156,36,7,53,28,9,24
55,4,55,4,31,19,4,17,7,20,34,28,11,37,35,63,63,17,36,7,3,6,17,35,3,3,69,36,7,35,17,6,3,36,35,3,3,36,7,3,44,20,32,11,37,35,55,65,65,3,17,36,6,78,65,3,44,20,32,9,24
55,6,17,31,40,5,16,20,7,31,57,11,3,6,3,15,6,3,7,55,7,5,7,3,32,29,3,7,26,9,24
3,6,3,31,35,4,36,7,31,57,35,4,156,36,7,12
37,6,37,35,63,17,36,7,31,47,4,47,4,7,35,5,6,3,78,37,4,6,3,11,78,65,71,3,6,41,36,44,11,3,3,7,8,29,17,7,3,3,20,17,7,20,32,9,30,11,35,3,6,3,6,4,36,6,3,97,16,20,31,19,47,17,7,3,13,50,39
3,6,17,3,7,35,3,6,3,6,4,36,7,8,29,6,31,11,47,7,19,17,7,20,32,9,37,7,67,67,3,7,35,3,6,3,6,4,36,35,10,6,3,6,4,36,44,37,20,32,29,6,7,40,3,7,12
66,11,33,7,37,6,17,7,11,67,3,3,20,32,84,3,67,3,3,7,35,4,36,6,20,3,6,17,3,44,35,3,6,3,6,4,36,7,8,29,3,7,12
37,31,35,5,6,3,6,4,36,13,98,7,77,3,7,6,20,7,50,28,9,30,11,37,37,31,47,4,47,4,11,47,4,47,4,11,47,4,47,4,11,47,4,47,4,11,47,4,47,4,11,47,4,47,4,11,47,4,47,4,11,47,4,47,4,11,47,4,47,4,11,47,4,52,47,4,52,37,37,6,3,6,17,7,11,5,16,3,13,92,28,9,20,34,28,9,24
66,35,5,6,3,6,4,36,15,7,92,39,37,31,2,25,11,35,5,6,3,36,13,152,9,19,3,31,2
3,3,17,7,20,3,20,20,3,6,3,44,3,44,11,4,13,35,40,65,17,6,4,36,4,54,55,13,6,20,7,41,28,9,24
4,54,3,3,31,4,6,2,3,44,11,37,3,6,3,7,11,4,13,33,31,4,6,3,3,6,17,7,18,40,26,29
19,25,4,31,4,7,3,7,162,28,9,11,3,6,4,31,3,7,3,7,86,9,24,9,11,3,7,26,9,24,4,31,3,7,3,7,86,9,24,6,31,77,131,61,72,13,23,29
3,7,26,29,4,7,35,40,33,7,3,6,25,7,26,195,11,3,31,3,7,12,61,15,84,54,36,13,3,29
4,31,33,7,23,9,35,37,15,7,37,196,3,29,36,13,98,29,44
66,3,7,81,9,33,31,35,3,6,3,6,4,36,6,3,7,40,20,32,9,42,29,17,6,3,7,12
19,3,6,3,31,33,31,77,16,3,13,19,3,6,3,7,26,9,30,11,3,7,12,13,4,7,10,8,9,42,29,3,6,3,7,3,3,6,63,7,12,44,3,7,26,9,24
109,37,7,11,19,3,6,3,31,35,67,6,3,36,13,126,28,9,24,7,11,3,3,31,35,8,29,3,36,7,69,11,3,3,31,35,3,13,3,36,13,126,28,9,24,7,11,3,3,31,35,3,6,3,7,8,9,36,7,12,11,44,96,20,7,12
3,4,54,4,35,3,6,3,6,4,36,47,4,17,11,55,3,3,11,17,11,3,35,3,3,36
3,3,35,3,3,36
47,11,3
47,11,3
47,11,3
47,4,35,4,54,3,6,20,36,35,5,6,3,6,4,36,3
47,11,3
47,11,3,54,3
47,11,3
3,11,3
3,11,3
3,11,3
47,11,3
3,3
3,3
3,3
3,3
3,3
3,3
3,3
3,3
3,3
3,11,3
3,3
47,4,35,5,16,3,6,3,6,4,36,35,3,3,3,3,36,3
47,4,35,4,6,3,13,3,6,3,36,35,3,3,3,3,36,3
3,3
3,3
3,3
3,3
47,4,54,47,4,35,63,36,55,11,17,11,3
3,3
3,3
3,3
3,3
3,3
3,3
3,3
3,3
3,3
3,3
3,3
3,47,4,35,47,4,13,35,3,6,3,6,4,36,36,35,3,3,3,3,36,3
3,3,47,4,35,47,4,13,35,3,6,3,6,4,36,36,35,3,3,3,3,36,3
47,11,3
47,11,3
47,11,3
47,11,3
47,11,3
47,11,3
20,3,20,3,17,7,20,20,3,20,3,20,4,54,4,35,3,6,3,6,4,36,47,4,17,11,67,3,11,17,3,20,4,54,4,35,52,78,3,6,3,6,4,36,47,4,17,11,67,3,11,17,47,4,54,47,35,4,54,4,17,35,3,36,36,47,4,37,17,11,55,11,17,4,54,3,35,4,13,63,36,47,4,17,11,67,3,11,17,47,4,35,5,6,3,6,4,36,67,3,17,3,11,17,47,4,35,20,6,3,6,4,36,3,3,11,17,47,4,35,3,3,36,55,11,17,35,3,3,3,3,36,78,3,78,17,35,4,54,4,20,17,36,3,3,11,17,20,3,20,3,17,7,20,20,3,20,3,6,3,3,3,6,3,3,37,7,20,34,28,29,3,6,20,44,3,6,181
40,20,32,84,13,20,20,7,99,44,3,7,11,35,19,25,7,12,25,7,31,3,7,53,93,9,120,84,36,44,3,6,3,6,3,7,20,34,39,25,7,11,19,75,16,3,7,53,28,29
3,20,3,20,17,7,20,3,20,20,3,17,3,7,3,3,7,20,32,29,3,7,69,137
3,6,3,6,3,7,31,11,3,6,3,6,4,7,20,21,3,7,69,137
4,19,3,7,20,32,137,3,54,3,4,20,32,84,3,19,3,6,3,7,20,32,137,20,4,19,3,7,20,32,137
20,6,37,7,3,7,53,132,7
3,4,19,3,6,37,6,17,7,20,32,137,3,3,6,4,3,13,3,5,6,3,6,4,5,6,3,6,4,3,6,3,6,4,3,6,3,6,4,3,6,3,6,4,3,6,4,3,6,3,6,3,3,6,3,3,3,3,3,3,5,6,3,6,4,6,3,20,54,3,6,3,6,4,6,3,20,4,5,6,3,6,3,3,3,5,6,3,6,4,3,3,3,3,3,37,3,37,3,3,17,3,17,3,6,3,3,6,3,3,13,3,13,63,3,3,7,3,163,3,13,3,13,63,3,3,5,6,3,6,4,6,3,3,20,5,6,3,6,4,17,6,3,3,78,65,71,35,36,5,6,3,6,4,17,6,3,3,6,3,3,35,36,5,6,3,6,4,17,6,3,43,6,3,3,35,36,3,6,3,6,63,43,43,6,3,3,35,36,3,55,20,32,84,3,35,36,4,17,6,3,3,6,3,35,36,47,3,3,6,3,6,4,3,3,35,36,4,54,3,20,3,35,4,54,3,3,20,3,35,36,4,54,3,37,6,20,20,3,35,36,36,20,3,4,54,63,3,5,6,3,6,4,6,3,4,6,3,3,6,3,17,3,6,3,17,5,6,3,6,4,3,20,32,84,3,3,17,3,3,3,3,3,17,3,17,63,55,3,37,3,37,3,19,3,7,20,32,137,3,54,3,3,20,32,84,3,19,3,6,3,7,20,32,137,20,3,19,3,7,20,32,137
20,6,37,7,3,7,53,132,7
3,3,19,3,6,37,6,17,7,20,32,137,3,3,3,3,3,3,17,3,3,20,32,84,3,3,3,3,3,3,3,3,3,3,3,3,3,3,3,3,20,32,84,3,20,3,3,3,3,3,3,6,3,3,3,3,3,65,20,3,3,20,3,3,3,3,35,20,54,12,36,3,3,3,3,3,3,3,3,3,3,3,3,3,3,3,20,3,3,3,3,3,63,55,54,3,3,3,20,3,3,3,20,3,3,52,17,3,71,17,3,3,54,3,3,3,54,3,3,3,3,54,3,3,3,3,3,3,3,54,3,3,3,3,54,3,3,3,3,3,3,3,3,3,63,77,3,3,3,54,3,3,3,3,3,3,3,3,3,3,6,3,3,3,3,6,63,43,3,3,43,3,3,20,63,43,3,3,43,3,3,3,3,3,3,3,3,20,17,3,3,3,3,3,3,3,3,3,3,3,3,3,3,3,3,3,17,67,20,3,44,3,20,67,3,3,3,3,3,43,3,43,17,3,43,17,3,3,3,3,6,20,3,3,6,20,3,6,3,3,20,3,6,3,3,20,3,3,3,3,3,3,3,3,3,65,71,3,65,71,55,33,3,6,3,3,6,3,3,3,3,3,3,3,3,3,3,3,20,3,20,3,3,6,3,6,4,43,17,3,43,17,3,54,3,3,54,3,5,20,180,5,20,180,3,54,67,68,6,3,3,4,68,6,3,3,3,3,20,3,20,43,3,3,43,3,3,3,20,3,3,43,3,3,20,3,43,3,3,3,3,3,3,3,54,54,3,3,3,52,20,35,3,6,3,6,4,3,6,3,6,4,36,7,20,5,3,3,5,6,3,6,4,5,6,3,6,4,43,6,3,3,43,6,3,3,43,6,3,43,6,3,43,6,63,3,43,6,63,3,3,6,3,3,6,3,3,7,3,13,32,29,3,3,7,3,13,32,29,3,3,7,3,7,32,29,3,3,7,3,7,32,29,3,3,7,3,13,32,29,3,3,7,3,13,32,29,3,3,7,3,13,32,29,3,3,7,3,13,32,29,3,3,17,3,3,7,20,34,28,9,24,3,3,7,20,34,28,9,24,3,3,7,20,34,28,9,24,3,3,7,20,34,28,9,24,3,3,7,20,34,28,9,24,3,3,7,20,34,28,9,24,3,3,7,20,34,28,9,24,3,3,7,20,34,28,9,24,3,3,7,20,34,28,9,24,3,3,7,20,34,28,9,24,3,3,7,20,34,28,9,24,3,3,7,20,34,28,9,24,3,20,3,3,17,3,3,32,9,42,136,61,19,3,7,92,28,29,20,44,6,20,3,19,3,7,92,28,29,20,6,20,20,20,3,7,20,32,9,3,21,22,7,52,8,32,137,7,11,5,7,31,69,136,61,3,20,3,21,22,7,20,32,137
66,11,5,7,31,69,136,61
3,3,3,3,7,20,3,3,3,44,6,20,20,32,84,3,3,3,20,20,19,3,7,20,20,19,3,6,37,6,17,3,20,33,20,17,7,20,17,7,20,21,5,20,19,3,3,7,38,39,3,7,60,20,5,7,20,21,3,6,3,7,20,143,9,11,19,3,7,20,21,20,3,3,7,20,21,20,3,3,7,20,21,3,3,19,3,44,11,99,22,11,3,7,20,21,3,3,37,6,3,6,3,7,12,37,6,3,37,3,7,20,34,28,29,3,6,20,96,3,19,3,44,37,6,20,6,20,37,6,20,3,7,20,34,28,29,3,7,90,3,20,20,17,6,3,20,17,3,3,13,3,3,7,3,7,20,3,3,7,99,3,3,3,44,6,20,20,3,3,44,6,20,20,3,6,3,20,3,6,20,52,20,175,20,55,13,3,3,44,20,17,55,44,52,20,3,33,7,20,32,9,24,52,3,6,20,20,17,19,3,7,20,32,9,24,3,6,37,6,20,20,3,6,20,3,3,7,20,3,21,3,7,20,3,5,3,6,20,5,3,19,3,6,19,17,7,6,20,20,19,17,7,6,20,20,19,3,44,6,5,3,3,3,53,28,29,3,3,7,6,3,3,19,3,6,20,3,19,3,7,20,20,3,3,6,3,20,3,7,20,19,3,6,20,17,3,20,17,3,52,6,3,52,3,17,67,17,54,43,17,3,54,43,17,3,3,3,3,3,3,17,3,43,17,3,67,17,43,17,43,17,43,17,173,173,55,173,173,173,173,173,173,173,173,55,173,173,173,173,173,173,3,3,3,17,43,17,3,63,17,3,17,54,20,54,43,17,3,3,43,17,3,3,17,63,17,54,54,54,43,17,43,17,3,43,17,54,54,54,54,43,17,3,43,17,54,43,17,3,3,3,3,3,3,3,3,3,3,3,3,17,54,54,43,17,43,17,43,17,3,43,17,3,43,17,3,3,17,3,5,3,43,17,3,3,3,3,3,43,17,43,17,3,43,17,3,3,3,3,17,4,55,25,3,25,3,17,17,20,7,20,21,20,7,20,3,20,3,3,35,3,31,5,3,20,3,20,7,52,20,120,9,20,3,101,36
3,31,3,20,20,3,6,3,7,20,5,174
20,6,3,7,20,34,39,37,7,69,137
5,31,20,3,7,20,32,9,175
3,44,55,44,20,3,20,3,20,17,44,20,3,3,3,3,52,20,3,6,3,6,4,3,6,3,6,4,3,6,3,6,4,5,6,3,6,4,52,43,3,3,3,3,3,3,3,3,3,3,3,3,3,3,3,3,3,3,3,3,3,3,3,3,3,3,6,3,6,4,3,54,55,20,20,3,6,3,6,4,3,6,3,6,4,3,6,3,6,4,3,3,3,3,35,55,35,36,36,3,7,20,20,7,20,20,35,3,6,3,6,4,36,3,35,3,6,3,6,4,36,35,36,31,11,4,54,3,7,37,7,3,6,3,3,7,26,29,20,6,3
35,5,6,3,6,4,5,6,3,6,4,36,35,37,36,6,3,13,26,29,3,7,69,11,52,3,7,5,7,26,29,25,6,37,7,31,20,17,31,20,34,28,29
4,3,6,3,31,37,52,43,3,52,43,3,7,20,34,28,9,24
3,20,20,3,54,3,3,54,3,20,3,6,20,20,3,6,20,3,6,20,3,6,20,3,17,3,17,3,3,3,20,3,20,20,20,17,7,20,20,20,5,31,35,20,5,6,3,6,4,5,6,3,6,4,20,36,7,20,19,3,31,37,3,3,11,4,13,3,17,6,65,3,11,66,3,11,4,11,3,11,66,55,67,3,7,6,4,6,3,3,7,64,29,3,7,6,3,6,25,7,8,29,22,7,11,67,68,35,67,68,67,68,36,7,3,7,12,37,7,11,4,7,4,6,25,7,26,9,27,28,29,3,6,20,7,70,29
4,7,19,20,7,8,9,73,9,74,75,38,28,29,4,31,11,3,6,37,7,20,7,69,11,17,6,3,7,3,7,8,11,3,31,58,9,37,3,7,3,6,20,7,20,32,29
4,31,77,33,7,3,6,20,7,69,11,20,31,37,3,7,8,9,3,7,20,34,28,11,37,3,11,3,6,4,7,19,3,7,20,32,29
37,7,4,54,55,4,54,55,7,3,7,8,9,20,7,8,28,29,22,7,11,3,7,77,8,9,35,5,6,3,6,4,36,44,20,21,3,13,26,29
3,54,3,3,54,3,17,7,20,3,54,3,20,20,3,3,6,3,20,3,6,3,35,3,6,3,6,4,36,31,3,6,3,31,40,35,5,6,3,6,4,5,6,3,6,4,36,13,19,22,7,11,3,3,5,6,3,6,4,3,3,7,66,3,3,7,8,29,3,4,5,6,3,6,3,7,52,3,7,18,197,5,16,20,7,21,44,3,7,12
66,155,34,31,37,15,7,11,3,3,5,6,3,6,4,6,3,3,3,13,3,3,3,3,6,3,13,11,3,17,3,17,13,37,3,37,3,7,20,21,35,64,29,3,17,36,6,3,15,31,20,32,84
66,35,5,6,3,6,4,36,7,3,7,23,9,27,39,3,6,3,6,3,6,3,31,35,3,6,3,6,4,36,7,31,3,15,6,155,34,7,12
3,20,101,6,3,7,64,29,20,3,31,35,3,6,3,6,4,36,7,31,77,57,11,25,3,6,3,7,31,3,7,35,96,3,7,6,3,20,11,3,6,43,6,3,7,36,35,44,3,7,69,3,7,53,28,9,24
66,3,6,25,7,20,34,28,9,24,3,6,33,72,35,66,3,6,20,21,35,2,3,20,36,15,36,31,26,9,24
3,31,3,7,69,11,3,7,27,28,9,24,3,44,31,101,7,63,7,35,5,6,3,6,4,36,6,25,7,23,29,22,13,12,22,7,2
3,6,3,7,31,3,6,3,3,35,3,7,26,29,3,37,6,4,6,3,3,7,26,29,22,36,7,41,28,9,24,7,11,17,11,4,20,17,6,47,4,54,47,44,11,19,3,6,3,7,4,3,44,4,54,3,6,3,7,20,34,28,29
3,6,3,7,3,7,86,29,4,7,3,7,3,7,26,29,22,198,11,19,3,31,37,20,34,28,9,24,3,6,4,44,4,54,3,6,3,7,12
20,3,6,20,20,3,6,20,17,7,20,20,3,6,20,20,35,5,6,3,6,4,36,6,20,7,17,101,11,35,5,6,3,6,4,36,35,3,6,3,6,4,36,7,77,17,7,8,42,9,24,22,7,8,9,11,4,31,3,6,25,6,3,6,3,7,12,35,3,6,3,6,4,36,6,20,3,7,20,21,22,7,8,11,3,3,13,26,9,42,29,4,7,3,7,26,29
4,6,20,7,8,29,4,31,20,3,7,8,11,64,29,3,17,7,3,7,5,6,20,7,64,9,3,3,17,6,25,6,3,7,26,29
66,40,20,17,7,20,7,26,9,42,29,19,3,17,31,11,20,101,3,6,3,7,86,29,25,3,7,58,11,19,25,4,31,20,7,64,9,33,6,3,7,8,3,7,92,93,9,120,89,29
19,75,16,20,6,25,7,11,35,3,6,3,6,4,36,6,20,17,31,17,3,7,47,3,7,20,34,28,29
20,17,7,99,13,11,4,31,43,3,7,5,7,20,32,29,22,7,65,71,4,7,26,9,24
3,6,20,3,6,20,17,7,20,3,6,20,20,4,6,37,11,3,6,3,7,64,9,3,6,20,7,20,32,29,4,54,3,31,11,20,3,35,3,6,3,6,4,36,7,60,20,7,32,11,37,3,6,3,6,3,7,19,3,7,8,29
3,7,26,29,19,3,6,20,17,7,31,52,43,3,52,43,3,6,3,31,42,29,7,11,3,97,7,37,3,6,3,3,17,7,12,65,3,6,17,7,43,17,6,5,16,3,3,7,12,20,17,6,3,31,77,69,136,61
3,6,20,13,52,3,17,7,6,20,7,38,28,137
3,20,32,84,3,35,3,17,36,7,3,58,29
3,31,47,4,6,101,11,40,19,3,31,43,17,6,3,7,12,199,22,13,58,9,11,52,43,3,44,3,6,20,7,166,29,3,7,18,17,7,60,3,7,32,9,24,7,33,31,20,34,28,9,24
37,19,3,31,20,17,6,3,7,26,9,42,29,7,11,78,65,71,3,101,6,37,11,43,3,3,6,3,20,17,6,3,31,77,69,136,61
3,6,20,13,52,3,17,7,6,20,7,38,28,137
4,54,3,20,32,84,3,35,3,17,36,7,3,13,21,43,17,3,44,65,3,7,92,28,52,43,3,7,20,34,28,29
19,20,7,31,55,54,43,55,54,43,6,20,44,2,17,37,7,20,32,29,43,17,7,6,20,6,3,7,69,11,20,6,3,7,31,67,52,3,67,52,3,7,19,20,7,35,5,16,20,36,44,20,32,29
3,17,3,17,17,7,20,3,17,20,4,54,4,35,3,6,3,6,4,36,47,4,47,4,17,11,3,17,11,17,3,3,17,7,20,3,20,3,7,31,11,3,6,3,6,4,7,20,21,3,7,69,137
3,3,3,3,3,3,3,47,4,35,35,4,36,54,3,6,20,36,47,4,35,5,6,3,6,35,4,36,36,3,11,67,3,17,11,17,11,3
3,35,35,5,6,3,6,4,36,6,20,36,47,4,20,11,47,4,17,11,4,17,3,11,17,11,3
3,3,35,35,5,6,3,6,4,36,6,20,36,3
4,54,3,35,4,13,63,36,47,4,17,11,67,3,11,17,11,3
47,4,54,54,47,35,4,54,4,17,35,3,36,36,47,4,20,11,55,11,17,11,3
4,54,4,35,52,78,5,6,3,6,4,36,47,54,3,20,11,47,4,17,11,67,3,11,3
3,3,35,35,5,6,3,6,4,36,6,20,36,3
3,20,3,20,17,7,20,3,20,20,35,4,6,3,69,36,54,3,52,3,3,3,3,3,35,47,4,17,36,4,19,3,7,20,32,137,3,54,3,4,20,32,84,3,19,3,6,3,7,20,32,137,20,4,19,3,7,20,32,137
20,6,37,7,3,7,53,132,7
3,4,19,3,6,37,6,17,7,20,32,137,3,3,6,4,3,13,3,5,6,3,6,4,5,6,3,6,4,3,6,3,6,4,3,6,3,6,4,3,6,3,6,4,3,6,4,3,6,3,6,3,3,6,3,3,3,3,3,3,5,6,3,6,4,6,3,20,54,3,6,3,6,4,6,3,20,4,5,6,3,6,3,3,3,5,6,3,6,4,3,3,3,3,3,37,3,37,3,3,17,3,17,3,6,3,3,6,3,3,13,3,13,63,3,3,7,3,163,3,13,3,13,63,3,3,5,6,3,6,4,6,3,3,20,5,6,3,6,4,17,6,3,3,78,65,71,35,36,5,6,3,6,4,17,6,3,3,6,3,3,35,36,5,6,3,6,4,17,6,3,43,6,3,3,35,36,3,6,3,6,63,43,43,6,3,3,35,36,3,55,20,32,84,3,35,36,4,17,6,3,3,6,3,35,36,47,3,3,6,3,6,4,3,3,35,36,4,54,3,20,3,35,4,54,3,3,20,3,35,36,4,54,3,37,6,20,20,3,35,36,36,20,3,4,54,63,3,5,6,3,6,4,6,3,4,6,3,3,6,3,17,3,6,3,17,5,6,3,6,4,3,20,32,84,3,3,17,3,3,3,3,3,17,3,17,63,55,3,37,3,37,3,54,54,52,20,35,3,6,3,6,4,3,6,3,6,4,36,7,20,5,3,3,5,6,3,6,4,5,6,3,6,4,52,43,3,52,43,3,20,3,3,17,3,3,32,9,42,136,61,19,3,7,92,28,29,20,44,6,20,3,19,3,7,92,28,29,20,6,20,20,20,3,7,20,32,9,3,21,22,7,52,8,32,137,7,11,5,7,31,69,136,61,3,20,3,21,22,7,20,32,137
66,11,5,7,31,69,136,61
3,3,3,3,7,20,3,3,3,44,6,20,20,32,84,3,3,3,20,20,19,3,7,20,20,19,3,6,37,6,17,3,20,33,20,17,7,20,17,7,20,21,5,20,19,3,3,7,38,39,3,7,60,20,5,7,20,21,3,6,3,7,20,143,9,11,19,3,7,20,21,20,3,3,7,20,21,20,3,3,7,20,21,3,3,19,3,44,11,99,22,11,3,7,20,21,3,3,37,6,3,6,3,7,12,37,6,3,37,3,7,20,34,28,29,3,6,20,96,3,19,3,44,37,6,20,6,20,37,6,20,3,7,20,34,28,29,3,7,90,3,20,20,17,6,3,20,17,3,3,13,3,3,7,3,7,20,3,3,7,99,3,3,3,44,6,20,20,3,3,44,6,20,20,3,6,3,20,3,6,20,52,20,175,20,55,13,3,3,44,20,17,55,44,52,20,3,33,7,20,32,9,24,52,3,6,20,20,17,19,3,7,20,32,9,24,3,6,37,6,20,20,3,6,20,3,3,7,20,3,21,3,7,20,3,5,3,6,20,5,3,19,3,6,19,17,7,6,20,20,19,17,7,6,20,20,19,3,44,6,5,3,3,3,53,28,29,3,3,7,6,3,3,19,3,6,20,3,19,3,7,20,20,3,3,6,3,20,3,7,20,19,3,6,20,17,3,20,17,3,52,3,17,3,17,20,7,20,21,20,7,20,3,20,3,17,35,3,31,5,3,20,3,20,7,52,20,120,9,20,3,101,36
3,31,3,20,20,3,6,3,7,20,5,174
20,6,3,7,20,34,39,37,7,69,137
5,31,20,3,7,20,32,9,175
3,44,55,44,20,3,20,3,20,17,44,20,3,52,20
3,44,55,44,20,3,20,3,20,17,44,20,3,52,20
